      3.02          NAVIGATION          E: GALILEO          RINEX VERSION / TYPE
StudioView          Spectracom          20171215 103813 UTC PGM / RUN BY / DATE
                                                            COMMENT
GAUT  0.0000000000e+00 0.000000000e+00      0    0        0 TIME SYSTEM CORR
GAL    6.8250E+01  1.1719E-01 -2.7466E-03  0.0000E+00       IONOSPHERIC CORR    
    18     0     0     0                                    LEAP SECONDS
                                                            END OF HEADER
E02 2017 10 04 07 40 00 1.513352612277e-04 8.266454187830e-11 0.000000000000e+00
     4.800000000000e+01 3.312500000000e+00 3.233348967680e-09-2.328297706848e+00
     1.247972249980e-07 1.775614218790e-04 7.990747690200e-06 5.440620103840e+03
     2.868000000000e+05-4.842877388000e-08 2.237396281704e+00 2.235174179080e-08
     9.646377634629e-01 1.727500000000e+02 2.387986889220e+00-5.708094907920e-09
    -5.068068248240e-10 5.130000000000e+02 1.969000000000e+03 0.000000000000e+00
     3.120000000000e+00 0.000000000000e+00-2.261137080193e-09-2.726798367500e-09
     2.874000000000e+05
E03 2017 10 04 07 40 00 1.514352612277e-04 8.266454187830e-11 0.000000000000e+00
     4.800000000000e+01 3.312500000000e+00 3.233348967680e-09 2.922138686770e+00
     1.247972249980e-07 1.775614218790e-04 7.990747690200e-06 5.440620103840e+03
     2.868000000000e+05-4.842877388000e-08 2.237396281704e+00 2.235174179080e-08
     9.646377634629e-01 1.727500000000e+02 2.387986889220e+00-5.708094907920e-09
    -5.068068248240e-10 5.130000000000e+02 1.969000000000e+03 0.000000000000e+00
     3.120000000000e+00 0.000000000000e+00-1.961137080193e-09-2.426798367500e-09
     2.874000000000e+05
E21 2017 10 04 07 40 00 1.532352612277e-04 8.266454187830e-11 0.000000000000e+00
     4.800000000000e+01 3.312500000000e+00 3.233348967680e-09-1.269811313230e+00
     1.247972249980e-07 1.775614218790e-04 7.990747690200e-06 5.440620103840e+03
     2.868000000000e+05-4.842877388000e-08 1.430011793108e-01 2.235174179080e-08
     9.646377634629e-01 1.727500000000e+02 2.387986889220e+00-5.708094907920e-09
    -5.068068248240e-10 5.130000000000e+02 1.969000000000e+03 0.000000000000e+00
     3.120000000000e+00 0.000000000000e+00 3.438862919807e-09 2.973201632500e-09
     2.874000000000e+05
E22 2017 10 04 07 40 00 1.533352612277e-04 8.266454187830e-11 0.000000000000e+00
     4.800000000000e+01 3.312500000000e+00 3.233348967680e-09-1.777709612432e+00
     1.247972249980e-07 1.775614218790e-04 7.990747690200e-06 5.440620103840e+03
     2.868000000000e+05-4.842877388000e-08 1.430011793108e-01 2.235174179080e-08
     9.646377634629e-01 1.727500000000e+02 2.387986889220e+00-5.708094907920e-09
    -5.068068248240e-10 5.130000000000e+02 1.969000000000e+03 0.000000000000e+00
     3.120000000000e+00 0.000000000000e+00 3.738862919807e-09 3.273201632500e-09
     2.874000000000e+05
E23 2017 10 04 07 40 00 1.534352612277e-04 8.266454187830e-11 0.000000000000e+00
     4.800000000000e+01 3.312500000000e+00 3.233348967680e-09-8.881779116350e-01
     1.247972249980e-07 1.775614218790e-04 7.990747690200e-06 5.440620103840e+03
     2.868000000000e+05-4.842877388000e-08 1.430011793108e-01 2.235174179080e-08
     9.646377634629e-01 1.727500000000e+02 2.387986889220e+00-5.708094907920e-09
    -5.068068248240e-10 5.130000000000e+02 1.969000000000e+03 0.000000000000e+00
     3.120000000000e+00 0.000000000000e+00 4.038862919807e-09 3.573201632500e-09
     2.874000000000e+05
E24 2017 10 04 07 40 00 1.535352612277e-04 8.266454187830e-11 0.000000000000e+00
     4.800000000000e+01 3.312500000000e+00 3.233348967680e-09-3.814462108369e-01
     1.247972249980e-07 1.775614218790e-04 7.990747690200e-06 5.440620103840e+03
     2.868000000000e+05-4.842877388000e-08 1.430011793108e-01 2.235174179080e-08
     9.646377634629e-01 1.727500000000e+02 2.387986889220e+00-5.708094907920e-09
    -5.068068248240e-10 5.130000000000e+02 1.969000000000e+03 0.000000000000e+00
     3.120000000000e+00 0.000000000000e+00 4.338862919807e-09 3.873201632500e-09
     2.874000000000e+05
E02 2017 10 04 08 30 00 1.515832548533e-04 8.266454187830e-11 0.000000000000e+00
     4.900000000000e+01 3.312500000000e+00 3.233348967680e-09-1.956371943137e+00
     1.247972249980e-07 1.775614218790e-04 7.990747690200e-06 5.440620103840e+03
     2.898000000000e+05-4.842877388000e-08 2.237379157419e+00 2.235174179080e-08
     9.646362430424e-01 1.727500000000e+02 2.387986889220e+00-5.708094907920e-09
    -5.068068248240e-10 5.130000000000e+02 1.969000000000e+03 0.000000000000e+00
     3.120000000000e+00 0.000000000000e+00-2.261137080193e-09-2.726798367500e-09
     2.904000000000e+05
E03 2017 10 04 08 30 00 1.516832548533e-04 8.266454187830e-11 0.000000000000e+00
     4.900000000000e+01 3.312500000000e+00 3.233348967680e-09-2.989120856699e+00
     1.247972249980e-07 1.775614218790e-04 7.990747690200e-06 5.440620103840e+03
     2.898000000000e+05-4.842877388000e-08 2.237379157419e+00 2.235174179080e-08
     9.646362430424e-01 1.727500000000e+02 2.387986889220e+00-5.708094907920e-09
    -5.068068248240e-10 5.130000000000e+02 1.969000000000e+03 0.000000000000e+00
     3.120000000000e+00 0.000000000000e+00-1.961137080193e-09-2.426798367500e-09
     2.904000000000e+05
E21 2017 10 04 08 30 00 1.534832548533e-04 8.266454187830e-11 0.000000000000e+00
     4.900000000000e+01 3.312500000000e+00 3.233348967680e-09-8.978855495190e-01
     1.247972249980e-07 1.775614218790e-04 7.990747690200e-06 5.440620103840e+03
     2.898000000000e+05-4.842877388000e-08 1.429840550258e-01 2.235174179080e-08
     9.646362430424e-01 1.727500000000e+02 2.387986889220e+00-5.708094907920e-09
    -5.068068248240e-10 5.130000000000e+02 1.969000000000e+03 0.000000000000e+00
     3.120000000000e+00 0.000000000000e+00 3.438862919807e-09 2.973201632500e-09
     2.904000000000e+05
E22 2017 10 04 08 30 00 1.535832548533e-04 8.266454187830e-11 0.000000000000e+00
     4.900000000000e+01 3.312500000000e+00 3.233348967680e-09-1.405783848721e+00
     1.247972249980e-07 1.775614218790e-04 7.990747690200e-06 5.440620103840e+03
     2.898000000000e+05-4.842877388000e-08 1.429840550258e-01 2.235174179080e-08
     9.646362430424e-01 1.727500000000e+02 2.387986889220e+00-5.708094907920e-09
    -5.068068248240e-10 5.130000000000e+02 1.969000000000e+03 0.000000000000e+00
     3.120000000000e+00 0.000000000000e+00 3.738862919807e-09 3.273201632500e-09
     2.904000000000e+05
E23 2017 10 04 08 30 00 1.536832548533e-04 8.266454187830e-11 0.000000000000e+00
     4.900000000000e+01 3.312500000000e+00 3.233348967680e-09-5.162521479236e-01
     1.247972249980e-07 1.775614218790e-04 7.990747690200e-06 5.440620103840e+03
     2.898000000000e+05-4.842877388000e-08 1.429840550258e-01 2.235174179080e-08
     9.646362430424e-01 1.727500000000e+02 2.387986889220e+00-5.708094907920e-09
    -5.068068248240e-10 5.130000000000e+02 1.969000000000e+03 0.000000000000e+00
     3.120000000000e+00 0.000000000000e+00 4.038862919807e-09 3.573201632500e-09
     2.904000000000e+05
E24 2017 10 04 08 30 00 1.537832548533e-04 8.266454187830e-11 0.000000000000e+00
     4.900000000000e+01 3.312500000000e+00 3.233348967680e-09-9.520447125857e-03
     1.247972249980e-07 1.775614218790e-04 7.990747690200e-06 5.440620103840e+03
     2.898000000000e+05-4.842877388000e-08 1.429840550258e-01 2.235174179080e-08
     9.646362430424e-01 1.727500000000e+02 2.387986889220e+00-5.708094907920e-09
    -5.068068248240e-10 5.130000000000e+02 1.969000000000e+03 0.000000000000e+00
     3.120000000000e+00 0.000000000000e+00 4.338862919807e-09 3.873201632500e-09
     2.904000000000e+05
E02 2017 10 04 09 20 00 1.518312484790e-04 8.266454187830e-11 0.000000000000e+00
     5.000000000000e+01 3.312500000000e+00 3.233348967680e-09-1.584446179426e+00
     1.247972249980e-07 1.775614218790e-04 7.990747690200e-06 5.440620103840e+03
     2.928000000000e+05-4.842877388000e-08 2.237362033135e+00 2.235174179080e-08
     9.646347226220e-01 1.727500000000e+02 2.387986889220e+00-5.708094907920e-09
    -5.068068248240e-10 5.130000000000e+02 1.969000000000e+03 0.000000000000e+00
     3.120000000000e+00 0.000000000000e+00-2.261137080193e-09-2.726798367500e-09
     2.934000000000e+05
E03 2017 10 04 09 20 00 1.519312484790e-04 8.266454187830e-11 0.000000000000e+00
     5.000000000000e+01 3.312500000000e+00 3.233348967680e-09-2.617195092988e+00
     1.247972249980e-07 1.775614218790e-04 7.990747690200e-06 5.440620103840e+03
     2.928000000000e+05-4.842877388000e-08 2.237362033135e+00 2.235174179080e-08
     9.646347226220e-01 1.727500000000e+02 2.387986889220e+00-5.708094907920e-09
    -5.068068248240e-10 5.130000000000e+02 1.969000000000e+03 0.000000000000e+00
     3.120000000000e+00 0.000000000000e+00-1.961137080193e-09-2.426798367500e-09
     2.934000000000e+05
E21 2017 10 04 09 20 00 1.537312484790e-04 8.266454187830e-11 0.000000000000e+00
     5.000000000000e+01 3.312500000000e+00 3.233348967680e-09-5.259597858080e-01
     1.247972249980e-07 1.775614218790e-04 7.990747690200e-06 5.440620103840e+03
     2.928000000000e+05-4.842877388000e-08 1.429669307418e-01 2.235174179080e-08
     9.646347226220e-01 1.727500000000e+02 2.387986889220e+00-5.708094907920e-09
    -5.068068248240e-10 5.130000000000e+02 1.969000000000e+03 0.000000000000e+00
     3.120000000000e+00 0.000000000000e+00 3.438862919807e-09 2.973201632500e-09
     2.934000000000e+05
E22 2017 10 04 09 20 00 1.538312484790e-04 8.266454187830e-11 0.000000000000e+00
     5.000000000000e+01 3.312500000000e+00 3.233348967680e-09-1.033858085010e+00
     1.247972249980e-07 1.775614218790e-04 7.990747690200e-06 5.440620103840e+03
     2.928000000000e+05-4.842877388000e-08 1.429669307418e-01 2.235174179080e-08
     9.646347226220e-01 1.727500000000e+02 2.387986889220e+00-5.708094907920e-09
    -5.068068248240e-10 5.130000000000e+02 1.969000000000e+03 0.000000000000e+00
     3.120000000000e+00 0.000000000000e+00 3.738862919807e-09 3.273201632500e-09
     2.934000000000e+05
E23 2017 10 04 09 20 00 1.539312484790e-04 8.266454187830e-11 0.000000000000e+00
     5.000000000000e+01 3.312500000000e+00 3.233348967680e-09-1.443263842125e-01
     1.247972249980e-07 1.775614218790e-04 7.990747690200e-06 5.440620103840e+03
     2.928000000000e+05-4.842877388000e-08 1.429669307418e-01 2.235174179080e-08
     9.646347226220e-01 1.727500000000e+02 2.387986889220e+00-5.708094907920e-09
    -5.068068248240e-10 5.130000000000e+02 1.969000000000e+03 0.000000000000e+00
     3.120000000000e+00 0.000000000000e+00 4.038862919807e-09 3.573201632500e-09
     2.934000000000e+05
E24 2017 10 04 09 20 00 1.540312484790e-04 8.266454187830e-11 0.000000000000e+00
     5.000000000000e+01 3.312500000000e+00 3.233348967680e-09 3.624053165852e-01
     1.247972249980e-07 1.775614218790e-04 7.990747690200e-06 5.440620103840e+03
     2.928000000000e+05-4.842877388000e-08 1.429669307418e-01 2.235174179080e-08
     9.646347226220e-01 1.727500000000e+02 2.387986889220e+00-5.708094907920e-09
    -5.068068248240e-10 5.130000000000e+02 1.969000000000e+03 0.000000000000e+00
     3.120000000000e+00 0.000000000000e+00 4.338862919807e-09 3.873201632500e-09
     2.934000000000e+05
E02 2017 10 04 10 10 00 1.520792421046e-04 8.266454187830e-11 0.000000000000e+00
     5.100000000000e+01 3.312500000000e+00 3.233348967680e-09-1.212520415715e+00
     1.247972249980e-07 1.775614218790e-04 7.990747690200e-06 5.440620103840e+03
     2.958000000000e+05-4.842877388000e-08 2.237344908850e+00 2.235174179080e-08
     9.646332022015e-01 1.727500000000e+02 2.387986889220e+00-5.708094907920e-09
    -5.068068248240e-10 5.130000000000e+02 1.969000000000e+03 0.000000000000e+00
     3.120000000000e+00 0.000000000000e+00-2.261137080193e-09-2.726798367500e-09
     2.964000000000e+05
E03 2017 10 04 10 10 00 1.521792421046e-04 8.266454187830e-11 0.000000000000e+00
     5.100000000000e+01 3.312500000000e+00 3.233348967680e-09-2.245269329277e+00
     1.247972249980e-07 1.775614218790e-04 7.990747690200e-06 5.440620103840e+03
     2.958000000000e+05-4.842877388000e-08 2.237344908850e+00 2.235174179080e-08
     9.646332022015e-01 1.727500000000e+02 2.387986889220e+00-5.708094907920e-09
    -5.068068248240e-10 5.130000000000e+02 1.969000000000e+03 0.000000000000e+00
     3.120000000000e+00 0.000000000000e+00-1.961137080193e-09-2.426798367500e-09
     2.964000000000e+05
E21 2017 10 04 10 10 00 1.539792421046e-04 8.266454187830e-11 0.000000000000e+00
     5.100000000000e+01 3.312500000000e+00 3.233348967680e-09-1.540340220970e-01
     1.247972249980e-07 1.775614218790e-04 7.990747690200e-06 5.440620103840e+03
     2.958000000000e+05-4.842877388000e-08 1.429498064568e-01 2.235174179080e-08
     9.646332022015e-01 1.727500000000e+02 2.387986889220e+00-5.708094907920e-09
    -5.068068248240e-10 5.130000000000e+02 1.969000000000e+03 0.000000000000e+00
     3.120000000000e+00 0.000000000000e+00 3.438862919807e-09 2.973201632500e-09
     2.964000000000e+05
E22 2017 10 04 10 10 00 1.540792421046e-04 8.266454187830e-11 0.000000000000e+00
     5.100000000000e+01 3.312500000000e+00 3.233348967680e-09-6.619323212992e-01
     1.247972249980e-07 1.775614218790e-04 7.990747690200e-06 5.440620103840e+03
     2.958000000000e+05-4.842877388000e-08 1.429498064568e-01 2.235174179080e-08
     9.646332022015e-01 1.727500000000e+02 2.387986889220e+00-5.708094907920e-09
    -5.068068248240e-10 5.130000000000e+02 1.969000000000e+03 0.000000000000e+00
     3.120000000000e+00 0.000000000000e+00 3.738862919807e-09 3.273201632500e-09
     2.964000000000e+05
E23 2017 10 04 10 10 00 1.541792421046e-04 8.266454187830e-11 0.000000000000e+00
     5.100000000000e+01 3.312500000000e+00 3.233348967680e-09 2.275993794986e-01
     1.247972249980e-07 1.775614218790e-04 7.990747690200e-06 5.440620103840e+03
     2.958000000000e+05-4.842877388000e-08 1.429498064568e-01 2.235174179080e-08
     9.646332022015e-01 1.727500000000e+02 2.387986889220e+00-5.708094907920e-09
    -5.068068248240e-10 5.130000000000e+02 1.969000000000e+03 0.000000000000e+00
     3.120000000000e+00 0.000000000000e+00 4.038862919807e-09 3.573201632500e-09
     2.964000000000e+05
E24 2017 10 04 10 10 00 1.542792421046e-04 8.266454187830e-11 0.000000000000e+00
     5.100000000000e+01 3.312500000000e+00 3.233348967680e-09 7.343310802963e-01
     1.247972249980e-07 1.775614218790e-04 7.990747690200e-06 5.440620103840e+03
     2.958000000000e+05-4.842877388000e-08 1.429498064568e-01 2.235174179080e-08
     9.646332022015e-01 1.727500000000e+02 2.387986889220e+00-5.708094907920e-09
    -5.068068248240e-10 5.130000000000e+02 1.969000000000e+03 0.000000000000e+00
     3.120000000000e+00 0.000000000000e+00 4.338862919807e-09 3.873201632500e-09
     2.964000000000e+05
E02 2017 10 04 11 00 00 1.523272357302e-04 8.266454187830e-11 0.000000000000e+00
     5.200000000000e+01 3.312500000000e+00 3.233348967680e-09-8.405946520044e-01
     1.247972249980e-07 1.775614218790e-04 7.990747690200e-06 5.440620103840e+03
     2.988000000000e+05-4.842877388000e-08 2.237327784565e+00 2.235174179080e-08
     9.646316817810e-01 1.727500000000e+02 2.387986889220e+00-5.708094907920e-09
    -5.068068248240e-10 5.130000000000e+02 1.969000000000e+03 0.000000000000e+00
     3.120000000000e+00 0.000000000000e+00-2.261137080193e-09-2.726798367500e-09
     2.994000000000e+05
E03 2017 10 04 11 00 00 1.524272357302e-04 8.266454187830e-11 0.000000000000e+00
     5.200000000000e+01 3.312500000000e+00 3.233348967680e-09-1.873343565565e+00
     1.247972249980e-07 1.775614218790e-04 7.990747690200e-06 5.440620103840e+03
     2.988000000000e+05-4.842877388000e-08 2.237327784565e+00 2.235174179080e-08
     9.646316817810e-01 1.727500000000e+02 2.387986889220e+00-5.708094907920e-09
    -5.068068248240e-10 5.130000000000e+02 1.969000000000e+03 0.000000000000e+00
     3.120000000000e+00 0.000000000000e+00-1.961137080193e-09-2.426798367500e-09
     2.994000000000e+05
E21 2017 10 04 11 00 00 1.542272357302e-04 8.266454187830e-11 0.000000000000e+00
     5.200000000000e+01 3.312500000000e+00 3.233348967680e-09 2.178917416142e-01
     1.247972249980e-07 1.775614218790e-04 7.990747690200e-06 5.440620103840e+03
     2.988000000000e+05-4.842877388000e-08 1.429326821718e-01 2.235174179080e-08
     9.646316817810e-01 1.727500000000e+02 2.387986889220e+00-5.708094907920e-09
    -5.068068248240e-10 5.130000000000e+02 1.969000000000e+03 0.000000000000e+00
     3.120000000000e+00 0.000000000000e+00 3.438862919807e-09 2.973201632500e-09
     2.994000000000e+05
E22 2017 10 04 11 00 00 1.543272357302e-04 8.266454187830e-11 0.000000000000e+00
     5.200000000000e+01 3.312500000000e+00 3.233348967680e-09-2.900065575881e-01
     1.247972249980e-07 1.775614218790e-04 7.990747690200e-06 5.440620103840e+03
     2.988000000000e+05-4.842877388000e-08 1.429326821718e-01 2.235174179080e-08
     9.646316817810e-01 1.727500000000e+02 2.387986889220e+00-5.708094907920e-09
    -5.068068248240e-10 5.130000000000e+02 1.969000000000e+03 0.000000000000e+00
     3.120000000000e+00 0.000000000000e+00 3.738862919807e-09 3.273201632500e-09
     2.994000000000e+05
E23 2017 10 04 11 00 00 1.544272357302e-04 8.266454187830e-11 0.000000000000e+00
     5.200000000000e+01 3.312500000000e+00 3.233348967680e-09 5.995251432096e-01
     1.247972249980e-07 1.775614218790e-04 7.990747690200e-06 5.440620103840e+03
     2.988000000000e+05-4.842877388000e-08 1.429326821718e-01 2.235174179080e-08
     9.646316817810e-01 1.727500000000e+02 2.387986889220e+00-5.708094907920e-09
    -5.068068248240e-10 5.130000000000e+02 1.969000000000e+03 0.000000000000e+00
     3.120000000000e+00 0.000000000000e+00 4.038862919807e-09 3.573201632500e-09
     2.994000000000e+05
E24 2017 10 04 11 00 00 1.545272357302e-04 8.266454187830e-11 0.000000000000e+00
     5.200000000000e+01 3.312500000000e+00 3.233348967680e-09 1.106256844007e+00
     1.247972249980e-07 1.775614218790e-04 7.990747690200e-06 5.440620103840e+03
     2.988000000000e+05-4.842877388000e-08 1.429326821718e-01 2.235174179080e-08
     9.646316817810e-01 1.727500000000e+02 2.387986889220e+00-5.708094907920e-09
    -5.068068248240e-10 5.130000000000e+02 1.969000000000e+03 0.000000000000e+00
     3.120000000000e+00 0.000000000000e+00 4.338862919807e-09 3.873201632500e-09
     2.994000000000e+05
E02 2017 10 04 11 50 00 1.525752293559e-04 8.266454187830e-11 0.000000000000e+00
     5.300000000000e+01 3.312500000000e+00 3.233348967680e-09-4.686688882924e-01
     1.247972249980e-07 1.775614218790e-04 7.990747690200e-06 5.440620103840e+03
     3.018000000000e+05-4.842877388000e-08 2.237310660281e+00 2.235174179080e-08
     9.646301613605e-01 1.727500000000e+02 2.387986889220e+00-5.708094907920e-09
    -5.068068248240e-10 5.130000000000e+02 1.969000000000e+03 0.000000000000e+00
     3.120000000000e+00 0.000000000000e+00-2.261137080193e-09-2.726798367500e-09
     3.024000000000e+05
E03 2017 10 04 11 50 00 1.526752293559e-04 8.266454187830e-11 0.000000000000e+00
     5.300000000000e+01 3.312500000000e+00 3.233348967680e-09-1.501417801854e+00
     1.247972249980e-07 1.775614218790e-04 7.990747690200e-06 5.440620103840e+03
     3.018000000000e+05-4.842877388000e-08 2.237310660281e+00 2.235174179080e-08
     9.646301613605e-01 1.727500000000e+02 2.387986889220e+00-5.708094907920e-09
    -5.068068248240e-10 5.130000000000e+02 1.969000000000e+03 0.000000000000e+00
     3.120000000000e+00 0.000000000000e+00-1.961137080193e-09-2.426798367500e-09
     3.024000000000e+05
E21 2017 10 04 11 50 00 1.544752293559e-04 8.266454187830e-11 0.000000000000e+00
     5.300000000000e+01 3.312500000000e+00 3.233348967680e-09 5.898175053252e-01
     1.247972249980e-07 1.775614218790e-04 7.990747690200e-06 5.440620103840e+03
     3.018000000000e+05-4.842877388000e-08 1.429155578878e-01 2.235174179080e-08
     9.646301613605e-01 1.727500000000e+02 2.387986889220e+00-5.708094907920e-09
    -5.068068248240e-10 5.130000000000e+02 1.969000000000e+03 0.000000000000e+00
     3.120000000000e+00 0.000000000000e+00 3.438862919807e-09 2.973201632500e-09
     3.024000000000e+05
E22 2017 10 04 11 50 00 1.545752293559e-04 8.266454187830e-11 0.000000000000e+00
     5.300000000000e+01 3.312500000000e+00 3.233348967680e-09 8.191920612298e-02
     1.247972249980e-07 1.775614218790e-04 7.990747690200e-06 5.440620103840e+03
     3.018000000000e+05-4.842877388000e-08 1.429155578878e-01 2.235174179080e-08
     9.646301613605e-01 1.727500000000e+02 2.387986889220e+00-5.708094907920e-09
    -5.068068248240e-10 5.130000000000e+02 1.969000000000e+03 0.000000000000e+00
     3.120000000000e+00 0.000000000000e+00 3.738862919807e-09 3.273201632500e-09
     3.024000000000e+05
E23 2017 10 04 11 50 00 1.546752293559e-04 8.266454187830e-11 0.000000000000e+00
     5.300000000000e+01 3.312500000000e+00 3.233348967680e-09 9.714509069207e-01
     1.247972249980e-07 1.775614218790e-04 7.990747690200e-06 5.440620103840e+03
     3.018000000000e+05-4.842877388000e-08 1.429155578878e-01 2.235174179080e-08
     9.646301613605e-01 1.727500000000e+02 2.387986889220e+00-5.708094907920e-09
    -5.068068248240e-10 5.130000000000e+02 1.969000000000e+03 0.000000000000e+00
     3.120000000000e+00 0.000000000000e+00 4.038862919807e-09 3.573201632500e-09
     3.024000000000e+05
E24 2017 10 04 11 50 00 1.547752293559e-04 8.266454187830e-11 0.000000000000e+00
     5.300000000000e+01 3.312500000000e+00 3.233348967680e-09 1.478182607718e+00
     1.247972249980e-07 1.775614218790e-04 7.990747690200e-06 5.440620103840e+03
     3.018000000000e+05-4.842877388000e-08 1.429155578878e-01 2.235174179080e-08
     9.646301613605e-01 1.727500000000e+02 2.387986889220e+00-5.708094907920e-09
    -5.068068248240e-10 5.130000000000e+02 1.969000000000e+03 0.000000000000e+00
     3.120000000000e+00 0.000000000000e+00 4.338862919807e-09 3.873201632500e-09
     3.024000000000e+05
E02 2017 10 04 12 40 00 1.528232229815e-04 8.266454187830e-11 0.000000000000e+00
     5.400000000000e+01 3.312500000000e+00 3.233348967680e-09-9.674312458180e-02
     1.247972249980e-07 1.775614218790e-04 7.990747690200e-06 5.440620103840e+03
     3.048000000000e+05-4.842877388000e-08 2.237293535996e+00 2.235174179080e-08
     9.646286409401e-01 1.727500000000e+02 2.387986889220e+00-5.708094907920e-09
    -5.068068248240e-10 5.130000000000e+02 1.969000000000e+03 0.000000000000e+00
     3.120000000000e+00 0.000000000000e+00-2.261137080193e-09-2.726798367500e-09
     3.054000000000e+05
E03 2017 10 04 12 40 00 1.529232229815e-04 8.266454187830e-11 0.000000000000e+00
     5.400000000000e+01 3.312500000000e+00 3.233348967680e-09-1.129492038143e+00
     1.247972249980e-07 1.775614218790e-04 7.990747690200e-06 5.440620103840e+03
     3.048000000000e+05-4.842877388000e-08 2.237293535996e+00 2.235174179080e-08
     9.646286409401e-01 1.727500000000e+02 2.387986889220e+00-5.708094907920e-09
    -5.068068248240e-10 5.130000000000e+02 1.969000000000e+03 0.000000000000e+00
     3.120000000000e+00 0.000000000000e+00-1.961137080193e-09-2.426798367500e-09
     3.054000000000e+05
E21 2017 10 04 12 40 00 1.547232229815e-04 8.266454187830e-11 0.000000000000e+00
     5.400000000000e+01 3.312500000000e+00 3.233348967680e-09 9.617432690363e-01
     1.247972249980e-07 1.775614218790e-04 7.990747690200e-06 5.440620103840e+03
     3.048000000000e+05-4.842877388000e-08 1.428984336028e-01 2.235174179080e-08
     9.646286409401e-01 1.727500000000e+02 2.387986889220e+00-5.708094907920e-09
    -5.068068248240e-10 5.130000000000e+02 1.969000000000e+03 0.000000000000e+00
     3.120000000000e+00 0.000000000000e+00 3.438862919807e-09 2.973201632500e-09
     3.054000000000e+05
E22 2017 10 04 12 40 00 1.548232229815e-04 8.266454187830e-11 0.000000000000e+00
     5.400000000000e+01 3.312500000000e+00 3.233348967680e-09 4.538449698341e-01
     1.247972249980e-07 1.775614218790e-04 7.990747690200e-06 5.440620103840e+03
     3.048000000000e+05-4.842877388000e-08 1.428984336028e-01 2.235174179080e-08
     9.646286409401e-01 1.727500000000e+02 2.387986889220e+00-5.708094907920e-09
    -5.068068248240e-10 5.130000000000e+02 1.969000000000e+03 0.000000000000e+00
     3.120000000000e+00 0.000000000000e+00 3.738862919807e-09 3.273201632500e-09
     3.054000000000e+05
E23 2017 10 04 12 40 00 1.549232229815e-04 8.266454187830e-11 0.000000000000e+00
     5.400000000000e+01 3.312500000000e+00 3.233348967680e-09 1.343376670632e+00
     1.247972249980e-07 1.775614218790e-04 7.990747690200e-06 5.440620103840e+03
     3.048000000000e+05-4.842877388000e-08 1.428984336028e-01 2.235174179080e-08
     9.646286409401e-01 1.727500000000e+02 2.387986889220e+00-5.708094907920e-09
    -5.068068248240e-10 5.130000000000e+02 1.969000000000e+03 0.000000000000e+00
     3.120000000000e+00 0.000000000000e+00 4.038862919807e-09 3.573201632500e-09
     3.054000000000e+05
E24 2017 10 04 12 40 00 1.550232229815e-04 8.266454187830e-11 0.000000000000e+00
     5.400000000000e+01 3.312500000000e+00 3.233348967680e-09 1.850108371430e+00
     1.247972249980e-07 1.775614218790e-04 7.990747690200e-06 5.440620103840e+03
     3.048000000000e+05-4.842877388000e-08 1.428984336028e-01 2.235174179080e-08
     9.646286409401e-01 1.727500000000e+02 2.387986889220e+00-5.708094907920e-09
    -5.068068248240e-10 5.130000000000e+02 1.969000000000e+03 0.000000000000e+00
     3.120000000000e+00 0.000000000000e+00 4.338862919807e-09 3.873201632500e-09
     3.054000000000e+05
E02 2017 10 04 13 30 00 1.530712166071e-04 8.266454187830e-11 0.000000000000e+00
     5.500000000000e+01 3.312500000000e+00 3.233348967680e-09 2.751826391293e-01
     1.247972249980e-07 1.775614218790e-04 7.990747690200e-06 5.440620103840e+03
     3.078000000000e+05-4.842877388000e-08 2.237276411711e+00 2.235174179080e-08
     9.646271205196e-01 1.727500000000e+02 2.387986889220e+00-5.708094907920e-09
    -5.068068248240e-10 5.130000000000e+02 1.969000000000e+03 0.000000000000e+00
     3.120000000000e+00 0.000000000000e+00-2.261137080193e-09-2.726798367500e-09
     3.084000000000e+05
E03 2017 10 04 13 30 00 1.531712166071e-04 8.266454187830e-11 0.000000000000e+00
     5.500000000000e+01 3.312500000000e+00 3.233348967680e-09-7.575662744322e-01
     1.247972249980e-07 1.775614218790e-04 7.990747690200e-06 5.440620103840e+03
     3.078000000000e+05-4.842877388000e-08 2.237276411711e+00 2.235174179080e-08
     9.646271205196e-01 1.727500000000e+02 2.387986889220e+00-5.708094907920e-09
    -5.068068248240e-10 5.130000000000e+02 1.969000000000e+03 0.000000000000e+00
     3.120000000000e+00 0.000000000000e+00-1.961137080193e-09-2.426798367500e-09
     3.084000000000e+05
E21 2017 10 04 13 30 00 1.549712166071e-04 8.266454187830e-11 0.000000000000e+00
     5.500000000000e+01 3.312500000000e+00 3.233348967680e-09 1.333669032747e+00
     1.247972249980e-07 1.775614218790e-04 7.990747690200e-06 5.440620103840e+03
     3.078000000000e+05-4.842877388000e-08 1.428813093178e-01 2.235174179080e-08
     9.646271205196e-01 1.727500000000e+02 2.387986889220e+00-5.708094907920e-09
    -5.068068248240e-10 5.130000000000e+02 1.969000000000e+03 0.000000000000e+00
     3.120000000000e+00 0.000000000000e+00 3.438862919807e-09 2.973201632500e-09
     3.084000000000e+05
E22 2017 10 04 13 30 00 1.550712166071e-04 8.266454187830e-11 0.000000000000e+00
     5.500000000000e+01 3.312500000000e+00 3.233348967680e-09 8.257707335451e-01
     1.247972249980e-07 1.775614218790e-04 7.990747690200e-06 5.440620103840e+03
     3.078000000000e+05-4.842877388000e-08 1.428813093178e-01 2.235174179080e-08
     9.646271205196e-01 1.727500000000e+02 2.387986889220e+00-5.708094907920e-09
    -5.068068248240e-10 5.130000000000e+02 1.969000000000e+03 0.000000000000e+00
     3.120000000000e+00 0.000000000000e+00 3.738862919807e-09 3.273201632500e-09
     3.084000000000e+05
E23 2017 10 04 13 30 00 1.551712166071e-04 8.266454187830e-11 0.000000000000e+00
     5.500000000000e+01 3.312500000000e+00 3.233348967680e-09 1.715302434343e+00
     1.247972249980e-07 1.775614218790e-04 7.990747690200e-06 5.440620103840e+03
     3.078000000000e+05-4.842877388000e-08 1.428813093178e-01 2.235174179080e-08
     9.646271205196e-01 1.727500000000e+02 2.387986889220e+00-5.708094907920e-09
    -5.068068248240e-10 5.130000000000e+02 1.969000000000e+03 0.000000000000e+00
     3.120000000000e+00 0.000000000000e+00 4.038862919807e-09 3.573201632500e-09
     3.084000000000e+05
E24 2017 10 04 13 30 00 1.552712166071e-04 8.266454187830e-11 0.000000000000e+00
     5.500000000000e+01 3.312500000000e+00 3.233348967680e-09 2.222034135141e+00
     1.247972249980e-07 1.775614218790e-04 7.990747690200e-06 5.440620103840e+03
     3.078000000000e+05-4.842877388000e-08 1.428813093178e-01 2.235174179080e-08
     9.646271205196e-01 1.727500000000e+02 2.387986889220e+00-5.708094907920e-09
    -5.068068248240e-10 5.130000000000e+02 1.969000000000e+03 0.000000000000e+00
     3.120000000000e+00 0.000000000000e+00 4.338862919807e-09 3.873201632500e-09
     3.084000000000e+05
E02 2017 10 04 14 20 00 1.533192102328e-04 8.266454187830e-11 0.000000000000e+00
     5.600000000000e+01 3.312500000000e+00 3.233348967680e-09 6.471084028403e-01
     1.247972249980e-07 1.775614218790e-04 7.990747690200e-06 5.440620103840e+03
     3.108000000000e+05-4.842877388000e-08 2.237259287426e+00 2.235174179080e-08
     9.646256000991e-01 1.727500000000e+02 2.387986889220e+00-5.708094907920e-09
    -5.068068248240e-10 5.130000000000e+02 1.969000000000e+03 0.000000000000e+00
     3.120000000000e+00 0.000000000000e+00-2.261137080193e-09-2.726798367500e-09
     3.114000000000e+05
E03 2017 10 04 14 20 00 1.534192102328e-04 8.266454187830e-11 0.000000000000e+00
     5.600000000000e+01 3.312500000000e+00 3.233348967680e-09-3.856405107211e-01
     1.247972249980e-07 1.775614218790e-04 7.990747690200e-06 5.440620103840e+03
     3.108000000000e+05-4.842877388000e-08 2.237259287426e+00 2.235174179080e-08
     9.646256000991e-01 1.727500000000e+02 2.387986889220e+00-5.708094907920e-09
    -5.068068248240e-10 5.130000000000e+02 1.969000000000e+03 0.000000000000e+00
     3.120000000000e+00 0.000000000000e+00-1.961137080193e-09-2.426798367500e-09
     3.114000000000e+05
E21 2017 10 04 14 20 00 1.552192102328e-04 8.266454187830e-11 0.000000000000e+00
     5.600000000000e+01 3.312500000000e+00 3.233348967680e-09 1.705594796458e+00
     1.247972249980e-07 1.775614218790e-04 7.990747690200e-06 5.440620103840e+03
     3.108000000000e+05-4.842877388000e-08 1.428641850328e-01 2.235174179080e-08
     9.646256000991e-01 1.727500000000e+02 2.387986889220e+00-5.708094907920e-09
    -5.068068248240e-10 5.130000000000e+02 1.969000000000e+03 0.000000000000e+00
     3.120000000000e+00 0.000000000000e+00 3.438862919807e-09 2.973201632500e-09
     3.114000000000e+05
E22 2017 10 04 14 20 00 1.553192102328e-04 8.266454187830e-11 0.000000000000e+00
     5.600000000000e+01 3.312500000000e+00 3.233348967680e-09 1.197696497256e+00
     1.247972249980e-07 1.775614218790e-04 7.990747690200e-06 5.440620103840e+03
     3.108000000000e+05-4.842877388000e-08 1.428641850328e-01 2.235174179080e-08
     9.646256000991e-01 1.727500000000e+02 2.387986889220e+00-5.708094907920e-09
    -5.068068248240e-10 5.130000000000e+02 1.969000000000e+03 0.000000000000e+00
     3.120000000000e+00 0.000000000000e+00 3.738862919807e-09 3.273201632500e-09
     3.114000000000e+05
E23 2017 10 04 14 20 00 1.554192102328e-04 8.266454187830e-11 0.000000000000e+00
     5.600000000000e+01 3.312500000000e+00 3.233348967680e-09 2.087228198054e+00
     1.247972249980e-07 1.775614218790e-04 7.990747690200e-06 5.440620103840e+03
     3.108000000000e+05-4.842877388000e-08 1.428641850328e-01 2.235174179080e-08
     9.646256000991e-01 1.727500000000e+02 2.387986889220e+00-5.708094907920e-09
    -5.068068248240e-10 5.130000000000e+02 1.969000000000e+03 0.000000000000e+00
     3.120000000000e+00 0.000000000000e+00 4.038862919807e-09 3.573201632500e-09
     3.114000000000e+05
E24 2017 10 04 14 20 00 1.555192102328e-04 8.266454187830e-11 0.000000000000e+00
     5.600000000000e+01 3.312500000000e+00 3.233348967680e-09 2.593959898852e+00
     1.247972249980e-07 1.775614218790e-04 7.990747690200e-06 5.440620103840e+03
     3.108000000000e+05-4.842877388000e-08 1.428641850328e-01 2.235174179080e-08
     9.646256000991e-01 1.727500000000e+02 2.387986889220e+00-5.708094907920e-09
    -5.068068248240e-10 5.130000000000e+02 1.969000000000e+03 0.000000000000e+00
     3.120000000000e+00 0.000000000000e+00 4.338862919807e-09 3.873201632500e-09
     3.114000000000e+05
E02 2017 10 04 15 10 00 1.535672038584e-04 8.266454187830e-11 0.000000000000e+00
     5.700000000000e+01 3.312500000000e+00 3.233348967680e-09 1.019034166551e+00
     1.247972249980e-07 1.775614218790e-04 7.990747690200e-06 5.440620103840e+03
     3.138000000000e+05-4.842877388000e-08 2.237242163142e+00 2.235174179080e-08
     9.646240796786e-01 1.727500000000e+02 2.387986889220e+00-5.708094907920e-09
    -5.068068248240e-10 5.130000000000e+02 1.969000000000e+03 0.000000000000e+00
     3.120000000000e+00 0.000000000000e+00-2.261137080193e-09-2.726798367500e-09
     3.144000000000e+05
E03 2017 10 04 15 10 00 1.536672038584e-04 8.266454187830e-11 0.000000000000e+00
     5.700000000000e+01 3.312500000000e+00 3.233348967680e-09-1.371474701010e-02
     1.247972249980e-07 1.775614218790e-04 7.990747690200e-06 5.440620103840e+03
     3.138000000000e+05-4.842877388000e-08 2.237242163142e+00 2.235174179080e-08
     9.646240796786e-01 1.727500000000e+02 2.387986889220e+00-5.708094907920e-09
    -5.068068248240e-10 5.130000000000e+02 1.969000000000e+03 0.000000000000e+00
     3.120000000000e+00 0.000000000000e+00-1.961137080193e-09-2.426798367500e-09
     3.144000000000e+05
E21 2017 10 04 15 10 00 1.554672038584e-04 8.266454187830e-11 0.000000000000e+00
     5.700000000000e+01 3.312500000000e+00 3.233348967680e-09 2.077520560169e+00
     1.247972249980e-07 1.775614218790e-04 7.990747690200e-06 5.440620103840e+03
     3.138000000000e+05-4.842877388000e-08 1.428470607488e-01 2.235174179080e-08
     9.646240796786e-01 1.727500000000e+02 2.387986889220e+00-5.708094907920e-09
    -5.068068248240e-10 5.130000000000e+02 1.969000000000e+03 0.000000000000e+00
     3.120000000000e+00 0.000000000000e+00 3.438862919807e-09 2.973201632500e-09
     3.144000000000e+05
E22 2017 10 04 15 10 00 1.555672038584e-04 8.266454187830e-11 0.000000000000e+00
     5.700000000000e+01 3.312500000000e+00 3.233348967680e-09 1.569622260967e+00
     1.247972249980e-07 1.775614218790e-04 7.990747690200e-06 5.440620103840e+03
     3.138000000000e+05-4.842877388000e-08 1.428470607488e-01 2.235174179080e-08
     9.646240796786e-01 1.727500000000e+02 2.387986889220e+00-5.708094907920e-09
    -5.068068248240e-10 5.130000000000e+02 1.969000000000e+03 0.000000000000e+00
     3.120000000000e+00 0.000000000000e+00 3.738862919807e-09 3.273201632500e-09
     3.144000000000e+05
E23 2017 10 04 15 10 00 1.556672038584e-04 8.266454187830e-11 0.000000000000e+00
     5.700000000000e+01 3.312500000000e+00 3.233348967680e-09 2.459153961765e+00
     1.247972249980e-07 1.775614218790e-04 7.990747690200e-06 5.440620103840e+03
     3.138000000000e+05-4.842877388000e-08 1.428470607488e-01 2.235174179080e-08
     9.646240796786e-01 1.727500000000e+02 2.387986889220e+00-5.708094907920e-09
    -5.068068248240e-10 5.130000000000e+02 1.969000000000e+03 0.000000000000e+00
     3.120000000000e+00 0.000000000000e+00 4.038862919807e-09 3.573201632500e-09
     3.144000000000e+05
E24 2017 10 04 15 10 00 1.557672038584e-04 8.266454187830e-11 0.000000000000e+00
     5.700000000000e+01 3.312500000000e+00 3.233348967680e-09 2.965885662563e+00
     1.247972249980e-07 1.775614218790e-04 7.990747690200e-06 5.440620103840e+03
     3.138000000000e+05-4.842877388000e-08 1.428470607488e-01 2.235174179080e-08
     9.646240796786e-01 1.727500000000e+02 2.387986889220e+00-5.708094907920e-09
    -5.068068248240e-10 5.130000000000e+02 1.969000000000e+03 0.000000000000e+00
     3.120000000000e+00 0.000000000000e+00 4.338862919807e-09 3.873201632500e-09
     3.144000000000e+05
E02 2017 10 04 16 00 00 1.538151974840e-04 8.266454187830e-11 0.000000000000e+00
     5.800000000000e+01 3.312500000000e+00 3.233348967680e-09 1.390959930263e+00
     1.247972249980e-07 1.775614218790e-04 7.990747690200e-06 5.440620103840e+03
     3.168000000000e+05-4.842877388000e-08 2.237225038857e+00 2.235174179080e-08
     9.646225592582e-01 1.727500000000e+02 2.387986889220e+00-5.708094907920e-09
    -5.068068248240e-10 5.130000000000e+02 1.969000000000e+03 0.000000000000e+00
     3.120000000000e+00 0.000000000000e+00-2.261137080193e-09-2.726798367500e-09
     3.174000000000e+05
E03 2017 10 04 16 00 00 1.539151974840e-04 8.266454187830e-11 0.000000000000e+00
     5.800000000000e+01 3.312500000000e+00 3.233348967680e-09 3.582110167014e-01
     1.247972249980e-07 1.775614218790e-04 7.990747690200e-06 5.440620103840e+03
     3.168000000000e+05-4.842877388000e-08 2.237225038857e+00 2.235174179080e-08
     9.646225592582e-01 1.727500000000e+02 2.387986889220e+00-5.708094907920e-09
    -5.068068248240e-10 5.130000000000e+02 1.969000000000e+03 0.000000000000e+00
     3.120000000000e+00 0.000000000000e+00-1.961137080193e-09-2.426798367500e-09
     3.174000000000e+05
E21 2017 10 04 16 00 00 1.557151974840e-04 8.266454187830e-11 0.000000000000e+00
     5.800000000000e+01 3.312500000000e+00 3.233348967680e-09 2.449446323881e+00
     1.247972249980e-07 1.775614218790e-04 7.990747690200e-06 5.440620103840e+03
     3.168000000000e+05-4.842877388000e-08 1.428299364638e-01 2.235174179080e-08
     9.646225592582e-01 1.727500000000e+02 2.387986889220e+00-5.708094907920e-09
    -5.068068248240e-10 5.130000000000e+02 1.969000000000e+03 0.000000000000e+00
     3.120000000000e+00 0.000000000000e+00 3.438862919807e-09 2.973201632500e-09
     3.174000000000e+05
E22 2017 10 04 16 00 00 1.558151974840e-04 8.266454187830e-11 0.000000000000e+00
     5.800000000000e+01 3.312500000000e+00 3.233348967680e-09 1.941548024678e+00
     1.247972249980e-07 1.775614218790e-04 7.990747690200e-06 5.440620103840e+03
     3.168000000000e+05-4.842877388000e-08 1.428299364638e-01 2.235174179080e-08
     9.646225592582e-01 1.727500000000e+02 2.387986889220e+00-5.708094907920e-09
    -5.068068248240e-10 5.130000000000e+02 1.969000000000e+03 0.000000000000e+00
     3.120000000000e+00 0.000000000000e+00 3.738862919807e-09 3.273201632500e-09
     3.174000000000e+05
E23 2017 10 04 16 00 00 1.559151974840e-04 8.266454187830e-11 0.000000000000e+00
     5.800000000000e+01 3.312500000000e+00 3.233348967680e-09 2.831079725476e+00
     1.247972249980e-07 1.775614218790e-04 7.990747690200e-06 5.440620103840e+03
     3.168000000000e+05-4.842877388000e-08 1.428299364638e-01 2.235174179080e-08
     9.646225592582e-01 1.727500000000e+02 2.387986889220e+00-5.708094907920e-09
    -5.068068248240e-10 5.130000000000e+02 1.969000000000e+03 0.000000000000e+00
     3.120000000000e+00 0.000000000000e+00 4.038862919807e-09 3.573201632500e-09
     3.174000000000e+05
E24 2017 10 04 16 00 00 1.560151974840e-04 8.266454187830e-11 0.000000000000e+00
     5.800000000000e+01 3.312500000000e+00 3.233348967680e-09-2.945373880906e+00
     1.247972249980e-07 1.775614218790e-04 7.990747690200e-06 5.440620103840e+03
     3.168000000000e+05-4.842877388000e-08 1.428299364638e-01 2.235174179080e-08
     9.646225592582e-01 1.727500000000e+02 2.387986889220e+00-5.708094907920e-09
    -5.068068248240e-10 5.130000000000e+02 1.969000000000e+03 0.000000000000e+00
     3.120000000000e+00 0.000000000000e+00 4.338862919807e-09 3.873201632500e-09
     3.174000000000e+05
E02 2017 10 04 16 50 00 1.540631911097e-04 8.266454187830e-11 0.000000000000e+00
     5.900000000000e+01 3.312500000000e+00 3.233348967680e-09 1.762885693974e+00
     1.247972249980e-07 1.775614218790e-04 7.990747690200e-06 5.440620103840e+03
     3.198000000000e+05-4.842877388000e-08 2.237207914572e+00 2.235174179080e-08
     9.646210388377e-01 1.727500000000e+02 2.387986889220e+00-5.708094907920e-09
    -5.068068248240e-10 5.130000000000e+02 1.969000000000e+03 0.000000000000e+00
     3.120000000000e+00 0.000000000000e+00-2.261137080193e-09-2.726798367500e-09
     3.204000000000e+05
E03 2017 10 04 16 50 00 1.541631911097e-04 8.266454187830e-11 0.000000000000e+00
     5.900000000000e+01 3.312500000000e+00 3.233348967680e-09 7.301367804124e-01
     1.247972249980e-07 1.775614218790e-04 7.990747690200e-06 5.440620103840e+03
     3.198000000000e+05-4.842877388000e-08 2.237207914572e+00 2.235174179080e-08
     9.646210388377e-01 1.727500000000e+02 2.387986889220e+00-5.708094907920e-09
    -5.068068248240e-10 5.130000000000e+02 1.969000000000e+03 0.000000000000e+00
     3.120000000000e+00 0.000000000000e+00-1.961137080193e-09-2.426798367500e-09
     3.204000000000e+05
E21 2017 10 04 16 50 00 1.559631911097e-04 8.266454187830e-11 0.000000000000e+00
     5.900000000000e+01 3.312500000000e+00 3.233348967680e-09 2.821372087592e+00
     1.247972249980e-07 1.775614218790e-04 7.990747690200e-06 5.440620103840e+03
     3.198000000000e+05-4.842877388000e-08 1.428128121788e-01 2.235174179080e-08
     9.646210388377e-01 1.727500000000e+02 2.387986889220e+00-5.708094907920e-09
    -5.068068248240e-10 5.130000000000e+02 1.969000000000e+03 0.000000000000e+00
     3.120000000000e+00 0.000000000000e+00 3.438862919807e-09 2.973201632500e-09
     3.204000000000e+05
E22 2017 10 04 16 50 00 1.560631911097e-04 8.266454187830e-11 0.000000000000e+00
     5.900000000000e+01 3.312500000000e+00 3.233348967680e-09 2.313473788389e+00
     1.247972249980e-07 1.775614218790e-04 7.990747690200e-06 5.440620103840e+03
     3.198000000000e+05-4.842877388000e-08 1.428128121788e-01 2.235174179080e-08
     9.646210388377e-01 1.727500000000e+02 2.387986889220e+00-5.708094907920e-09
    -5.068068248240e-10 5.130000000000e+02 1.969000000000e+03 0.000000000000e+00
     3.120000000000e+00 0.000000000000e+00 3.738862919807e-09 3.273201632500e-09
     3.204000000000e+05
E23 2017 10 04 16 50 00 1.561631911097e-04 8.266454187830e-11 0.000000000000e+00
     5.900000000000e+01 3.312500000000e+00 3.233348967680e-09-3.080179817993e+00
     1.247972249980e-07 1.775614218790e-04 7.990747690200e-06 5.440620103840e+03
     3.198000000000e+05-4.842877388000e-08 1.428128121788e-01 2.235174179080e-08
     9.646210388377e-01 1.727500000000e+02 2.387986889220e+00-5.708094907920e-09
    -5.068068248240e-10 5.130000000000e+02 1.969000000000e+03 0.000000000000e+00
     3.120000000000e+00 0.000000000000e+00 4.038862919807e-09 3.573201632500e-09
     3.204000000000e+05
E24 2017 10 04 16 50 00 1.562631911097e-04 8.266454187830e-11 0.000000000000e+00
     5.900000000000e+01 3.312500000000e+00 3.233348967680e-09-2.573448117195e+00
     1.247972249980e-07 1.775614218790e-04 7.990747690200e-06 5.440620103840e+03
     3.198000000000e+05-4.842877388000e-08 1.428128121788e-01 2.235174179080e-08
     9.646210388377e-01 1.727500000000e+02 2.387986889220e+00-5.708094907920e-09
    -5.068068248240e-10 5.130000000000e+02 1.969000000000e+03 0.000000000000e+00
     3.120000000000e+00 0.000000000000e+00 4.338862919807e-09 3.873201632500e-09
     3.204000000000e+05
E02 2017 10 04 17 40 00 1.543111847353e-04 8.266454187830e-11 0.000000000000e+00
     6.000000000000e+01 3.312500000000e+00 3.233348967680e-09 2.134811457685e+00
     1.247972249980e-07 1.775614218790e-04 7.990747690200e-06 5.440620103840e+03
     3.228000000000e+05-4.842877388000e-08 2.237190790287e+00 2.235174179080e-08
     9.646195184172e-01 1.727500000000e+02 2.387986889220e+00-5.708094907920e-09
    -5.068068248240e-10 5.130000000000e+02 1.969000000000e+03 0.000000000000e+00
     3.120000000000e+00 0.000000000000e+00-2.261137080193e-09-2.726798367500e-09
     3.234000000000e+05
E03 2017 10 04 17 40 00 1.544111847353e-04 8.266454187830e-11 0.000000000000e+00
     6.000000000000e+01 3.312500000000e+00 3.233348967680e-09 1.102062544123e+00
     1.247972249980e-07 1.775614218790e-04 7.990747690200e-06 5.440620103840e+03
     3.228000000000e+05-4.842877388000e-08 2.237190790287e+00 2.235174179080e-08
     9.646195184172e-01 1.727500000000e+02 2.387986889220e+00-5.708094907920e-09
    -5.068068248240e-10 5.130000000000e+02 1.969000000000e+03 0.000000000000e+00
     3.120000000000e+00 0.000000000000e+00-1.961137080193e-09-2.426798367500e-09
     3.234000000000e+05
E21 2017 10 04 17 40 00 1.562111847353e-04 8.266454187830e-11 0.000000000000e+00
     6.000000000000e+01 3.312500000000e+00 3.233348967680e-09-3.089887455877e+00
     1.247972249980e-07 1.775614218790e-04 7.990747690200e-06 5.440620103840e+03
     3.228000000000e+05-4.842877388000e-08 1.427956878948e-01 2.235174179080e-08
     9.646195184172e-01 1.727500000000e+02 2.387986889220e+00-5.708094907920e-09
    -5.068068248240e-10 5.130000000000e+02 1.969000000000e+03 0.000000000000e+00
     3.120000000000e+00 0.000000000000e+00 3.438862919807e-09 2.973201632500e-09
     3.234000000000e+05
E22 2017 10 04 17 40 00 1.563111847353e-04 8.266454187830e-11 0.000000000000e+00
     6.000000000000e+01 3.312500000000e+00 3.233348967680e-09 2.685399552101e+00
     1.247972249980e-07 1.775614218790e-04 7.990747690200e-06 5.440620103840e+03
     3.228000000000e+05-4.842877388000e-08 1.427956878948e-01 2.235174179080e-08
     9.646195184172e-01 1.727500000000e+02 2.387986889220e+00-5.708094907920e-09
    -5.068068248240e-10 5.130000000000e+02 1.969000000000e+03 0.000000000000e+00
     3.120000000000e+00 0.000000000000e+00 3.738862919807e-09 3.273201632500e-09
     3.234000000000e+05
E23 2017 10 04 17 40 00 1.564111847353e-04 8.266454187830e-11 0.000000000000e+00
     6.000000000000e+01 3.312500000000e+00 3.233348967680e-09-2.708254054281e+00
     1.247972249980e-07 1.775614218790e-04 7.990747690200e-06 5.440620103840e+03
     3.228000000000e+05-4.842877388000e-08 1.427956878948e-01 2.235174179080e-08
     9.646195184172e-01 1.727500000000e+02 2.387986889220e+00-5.708094907920e-09
    -5.068068248240e-10 5.130000000000e+02 1.969000000000e+03 0.000000000000e+00
     3.120000000000e+00 0.000000000000e+00 4.038862919807e-09 3.573201632500e-09
     3.234000000000e+05
E24 2017 10 04 17 40 00 1.565111847353e-04 8.266454187830e-11 0.000000000000e+00
     6.000000000000e+01 3.312500000000e+00 3.233348967680e-09-2.201522353484e+00
     1.247972249980e-07 1.775614218790e-04 7.990747690200e-06 5.440620103840e+03
     3.228000000000e+05-4.842877388000e-08 1.427956878948e-01 2.235174179080e-08
     9.646195184172e-01 1.727500000000e+02 2.387986889220e+00-5.708094907920e-09
    -5.068068248240e-10 5.130000000000e+02 1.969000000000e+03 0.000000000000e+00
     3.120000000000e+00 0.000000000000e+00 4.338862919807e-09 3.873201632500e-09
     3.234000000000e+05
E02 2017 10 04 18 30 00 1.545591783610e-04 8.266454187830e-11 0.000000000000e+00
     6.100000000000e+01 3.312500000000e+00 3.233348967680e-09 2.506737221396e+00
     1.247972249980e-07 1.775614218790e-04 7.990747690200e-06 5.440620103840e+03
     3.258000000000e+05-4.842877388000e-08 2.237173666003e+00 2.235174179080e-08
     9.646179979967e-01 1.727500000000e+02 2.387986889220e+00-5.708094907920e-09
    -5.068068248240e-10 5.130000000000e+02 1.969000000000e+03 0.000000000000e+00
     3.120000000000e+00 0.000000000000e+00-2.261137080193e-09-2.726798367500e-09
     3.264000000000e+05
E03 2017 10 04 18 30 00 1.546591783610e-04 8.266454187830e-11 0.000000000000e+00
     6.100000000000e+01 3.312500000000e+00 3.233348967680e-09 1.473988307834e+00
     1.247972249980e-07 1.775614218790e-04 7.990747690200e-06 5.440620103840e+03
     3.258000000000e+05-4.842877388000e-08 2.237173666003e+00 2.235174179080e-08
     9.646179979967e-01 1.727500000000e+02 2.387986889220e+00-5.708094907920e-09
    -5.068068248240e-10 5.130000000000e+02 1.969000000000e+03 0.000000000000e+00
     3.120000000000e+00 0.000000000000e+00-1.961137080193e-09-2.426798367500e-09
     3.264000000000e+05
E21 2017 10 04 18 30 00 1.564591783610e-04 8.266454187830e-11 0.000000000000e+00
     6.100000000000e+01 3.312500000000e+00 3.233348967680e-09-2.717961692166e+00
     1.247972249980e-07 1.775614218790e-04 7.990747690200e-06 5.440620103840e+03
     3.258000000000e+05-4.842877388000e-08 1.427785636098e-01 2.235174179080e-08
     9.646179979967e-01 1.727500000000e+02 2.387986889220e+00-5.708094907920e-09
    -5.068068248240e-10 5.130000000000e+02 1.969000000000e+03 0.000000000000e+00
     3.120000000000e+00 0.000000000000e+00 3.438862919807e-09 2.973201632500e-09
     3.264000000000e+05
E22 2017 10 04 18 30 00 1.565591783610e-04 8.266454187830e-11 0.000000000000e+00
     6.100000000000e+01 3.312500000000e+00 3.233348967680e-09 3.057325315812e+00
     1.247972249980e-07 1.775614218790e-04 7.990747690200e-06 5.440620103840e+03
     3.258000000000e+05-4.842877388000e-08 1.427785636098e-01 2.235174179080e-08
     9.646179979967e-01 1.727500000000e+02 2.387986889220e+00-5.708094907920e-09
    -5.068068248240e-10 5.130000000000e+02 1.969000000000e+03 0.000000000000e+00
     3.120000000000e+00 0.000000000000e+00 3.738862919807e-09 3.273201632500e-09
     3.264000000000e+05
E23 2017 10 04 18 30 00 1.566591783610e-04 8.266454187830e-11 0.000000000000e+00
     6.100000000000e+01 3.312500000000e+00 3.233348967680e-09-2.336328290570e+00
     1.247972249980e-07 1.775614218790e-04 7.990747690200e-06 5.440620103840e+03
     3.258000000000e+05-4.842877388000e-08 1.427785636098e-01 2.235174179080e-08
     9.646179979967e-01 1.727500000000e+02 2.387986889220e+00-5.708094907920e-09
    -5.068068248240e-10 5.130000000000e+02 1.969000000000e+03 0.000000000000e+00
     3.120000000000e+00 0.000000000000e+00 4.038862919807e-09 3.573201632500e-09
     3.264000000000e+05
E24 2017 10 04 18 30 00 1.567591783610e-04 8.266454187830e-11 0.000000000000e+00
     6.100000000000e+01 3.312500000000e+00 3.233348967680e-09-1.829596589773e+00
     1.247972249980e-07 1.775614218790e-04 7.990747690200e-06 5.440620103840e+03
     3.258000000000e+05-4.842877388000e-08 1.427785636098e-01 2.235174179080e-08
     9.646179979967e-01 1.727500000000e+02 2.387986889220e+00-5.708094907920e-09
    -5.068068248240e-10 5.130000000000e+02 1.969000000000e+03 0.000000000000e+00
     3.120000000000e+00 0.000000000000e+00 4.338862919807e-09 3.873201632500e-09
     3.264000000000e+05
E02 2017 10 04 19 20 00 1.548071719866e-04 8.266454187830e-11 0.000000000000e+00
     6.200000000000e+01 3.312500000000e+00 3.233348967680e-09 2.878662985107e+00
     1.247972249980e-07 1.775614218790e-04 7.990747690200e-06 5.440620103840e+03
     3.288000000000e+05-4.842877388000e-08 2.237156541718e+00 2.235174179080e-08
     9.646164775763e-01 1.727500000000e+02 2.387986889220e+00-5.708094907920e-09
    -5.068068248240e-10 5.130000000000e+02 1.969000000000e+03 0.000000000000e+00
     3.120000000000e+00 0.000000000000e+00-2.261137080193e-09-2.726798367500e-09
     3.294000000000e+05
E03 2017 10 04 19 20 00 1.549071719866e-04 8.266454187830e-11 0.000000000000e+00
     6.200000000000e+01 3.312500000000e+00 3.233348967680e-09 1.845914071545e+00
     1.247972249980e-07 1.775614218790e-04 7.990747690200e-06 5.440620103840e+03
     3.288000000000e+05-4.842877388000e-08 2.237156541718e+00 2.235174179080e-08
     9.646164775763e-01 1.727500000000e+02 2.387986889220e+00-5.708094907920e-09
    -5.068068248240e-10 5.130000000000e+02 1.969000000000e+03 0.000000000000e+00
     3.120000000000e+00 0.000000000000e+00-1.961137080193e-09-2.426798367500e-09
     3.294000000000e+05
E21 2017 10 04 19 20 00 1.567071719866e-04 8.266454187830e-11 0.000000000000e+00
     6.200000000000e+01 3.312500000000e+00 3.233348967680e-09-2.346035928455e+00
     1.247972249980e-07 1.775614218790e-04 7.990747690200e-06 5.440620103840e+03
     3.288000000000e+05-4.842877388000e-08 1.427614393248e-01 2.235174179080e-08
     9.646164775763e-01 1.727500000000e+02 2.387986889220e+00-5.708094907920e-09
    -5.068068248240e-10 5.130000000000e+02 1.969000000000e+03 0.000000000000e+00
     3.120000000000e+00 0.000000000000e+00 3.438862919807e-09 2.973201632500e-09
     3.294000000000e+05
E22 2017 10 04 19 20 00 1.568071719866e-04 8.266454187830e-11 0.000000000000e+00
     6.200000000000e+01 3.312500000000e+00 3.233348967680e-09-2.853934227657e+00
     1.247972249980e-07 1.775614218790e-04 7.990747690200e-06 5.440620103840e+03
     3.288000000000e+05-4.842877388000e-08 1.427614393248e-01 2.235174179080e-08
     9.646164775763e-01 1.727500000000e+02 2.387986889220e+00-5.708094907920e-09
    -5.068068248240e-10 5.130000000000e+02 1.969000000000e+03 0.000000000000e+00
     3.120000000000e+00 0.000000000000e+00 3.738862919807e-09 3.273201632500e-09
     3.294000000000e+05
E23 2017 10 04 19 20 00 1.569071719866e-04 8.266454187830e-11 0.000000000000e+00
     6.200000000000e+01 3.312500000000e+00 3.233348967680e-09-1.964402526859e+00
     1.247972249980e-07 1.775614218790e-04 7.990747690200e-06 5.440620103840e+03
     3.288000000000e+05-4.842877388000e-08 1.427614393248e-01 2.235174179080e-08
     9.646164775763e-01 1.727500000000e+02 2.387986889220e+00-5.708094907920e-09
    -5.068068248240e-10 5.130000000000e+02 1.969000000000e+03 0.000000000000e+00
     3.120000000000e+00 0.000000000000e+00 4.038862919807e-09 3.573201632500e-09
     3.294000000000e+05
E24 2017 10 04 19 20 00 1.570071719866e-04 8.266454187830e-11 0.000000000000e+00
     6.200000000000e+01 3.312500000000e+00 3.233348967680e-09-1.457670826061e+00
     1.247972249980e-07 1.775614218790e-04 7.990747690200e-06 5.440620103840e+03
     3.288000000000e+05-4.842877388000e-08 1.427614393248e-01 2.235174179080e-08
     9.646164775763e-01 1.727500000000e+02 2.387986889220e+00-5.708094907920e-09
    -5.068068248240e-10 5.130000000000e+02 1.969000000000e+03 0.000000000000e+00
     3.120000000000e+00 0.000000000000e+00 4.338862919807e-09 3.873201632500e-09
     3.294000000000e+05
E02 2017 10 04 20 10 00 1.550551656122e-04 8.266454187830e-11 0.000000000000e+00
     6.300000000000e+01 3.312500000000e+00 3.233348967680e-09-3.032596558362e+00
     1.247972249980e-07 1.775614218790e-04 7.990747690200e-06 5.440620103840e+03
     3.318000000000e+05-4.842877388000e-08 2.237139417433e+00 2.235174179080e-08
     9.646149571558e-01 1.727500000000e+02 2.387986889220e+00-5.708094907920e-09
    -5.068068248240e-10 5.130000000000e+02 1.969000000000e+03 0.000000000000e+00
     3.120000000000e+00 0.000000000000e+00-2.261137080193e-09-2.726798367500e-09
     3.324000000000e+05
E03 2017 10 04 20 10 00 1.551551656122e-04 8.266454187830e-11 0.000000000000e+00
     6.300000000000e+01 3.312500000000e+00 3.233348967680e-09 2.217839835256e+00
     1.247972249980e-07 1.775614218790e-04 7.990747690200e-06 5.440620103840e+03
     3.318000000000e+05-4.842877388000e-08 2.237139417433e+00 2.235174179080e-08
     9.646149571558e-01 1.727500000000e+02 2.387986889220e+00-5.708094907920e-09
    -5.068068248240e-10 5.130000000000e+02 1.969000000000e+03 0.000000000000e+00
     3.120000000000e+00 0.000000000000e+00-1.961137080193e-09-2.426798367500e-09
     3.324000000000e+05
E21 2017 10 04 20 10 00 1.569551656122e-04 8.266454187830e-11 0.000000000000e+00
     6.300000000000e+01 3.312500000000e+00 3.233348967680e-09-1.974110164744e+00
     1.247972249980e-07 1.775614218790e-04 7.990747690200e-06 5.440620103840e+03
     3.318000000000e+05-4.842877388000e-08 1.427443150398e-01 2.235174179080e-08
     9.646149571558e-01 1.727500000000e+02 2.387986889220e+00-5.708094907920e-09
    -5.068068248240e-10 5.130000000000e+02 1.969000000000e+03 0.000000000000e+00
     3.120000000000e+00 0.000000000000e+00 3.438862919807e-09 2.973201632500e-09
     3.324000000000e+05
E22 2017 10 04 20 10 00 1.570551656122e-04 8.266454187830e-11 0.000000000000e+00
     6.300000000000e+01 3.312500000000e+00 3.233348967680e-09-2.482008463946e+00
     1.247972249980e-07 1.775614218790e-04 7.990747690200e-06 5.440620103840e+03
     3.318000000000e+05-4.842877388000e-08 1.427443150398e-01 2.235174179080e-08
     9.646149571558e-01 1.727500000000e+02 2.387986889220e+00-5.708094907920e-09
    -5.068068248240e-10 5.130000000000e+02 1.969000000000e+03 0.000000000000e+00
     3.120000000000e+00 0.000000000000e+00 3.738862919807e-09 3.273201632500e-09
     3.324000000000e+05
E23 2017 10 04 20 10 00 1.571551656122e-04 8.266454187830e-11 0.000000000000e+00
     6.300000000000e+01 3.312500000000e+00 3.233348967680e-09-1.592476763148e+00
     1.247972249980e-07 1.775614218790e-04 7.990747690200e-06 5.440620103840e+03
     3.318000000000e+05-4.842877388000e-08 1.427443150398e-01 2.235174179080e-08
     9.646149571558e-01 1.727500000000e+02 2.387986889220e+00-5.708094907920e-09
    -5.068068248240e-10 5.130000000000e+02 1.969000000000e+03 0.000000000000e+00
     3.120000000000e+00 0.000000000000e+00 4.038862919807e-09 3.573201632500e-09
     3.324000000000e+05
E24 2017 10 04 20 10 00 1.572551656122e-04 8.266454187830e-11 0.000000000000e+00
     6.300000000000e+01 3.312500000000e+00 3.233348967680e-09-1.085745062350e+00
     1.247972249980e-07 1.775614218790e-04 7.990747690200e-06 5.440620103840e+03
     3.318000000000e+05-4.842877388000e-08 1.427443150398e-01 2.235174179080e-08
     9.646149571558e-01 1.727500000000e+02 2.387986889220e+00-5.708094907920e-09
    -5.068068248240e-10 5.130000000000e+02 1.969000000000e+03 0.000000000000e+00
     3.120000000000e+00 0.000000000000e+00 4.338862919807e-09 3.873201632500e-09
     3.324000000000e+05
E02 2017 10 04 21 00 00 1.553031592379e-04 8.266454187830e-11 0.000000000000e+00
     6.400000000000e+01 3.312500000000e+00 3.233348967680e-09-2.660670794651e+00
     1.247972249980e-07 1.775614218790e-04 7.990747690200e-06 5.440620103840e+03
     3.348000000000e+05-4.842877388000e-08 2.237122293149e+00 2.235174179080e-08
     9.646134367353e-01 1.727500000000e+02 2.387986889220e+00-5.708094907920e-09
    -5.068068248240e-10 5.130000000000e+02 1.969000000000e+03 0.000000000000e+00
     3.120000000000e+00 0.000000000000e+00-2.261137080193e-09-2.726798367500e-09
     3.354000000000e+05
E03 2017 10 04 21 00 00 1.554031592379e-04 8.266454187830e-11 0.000000000000e+00
     6.400000000000e+01 3.312500000000e+00 3.233348967680e-09 2.589765598967e+00
     1.247972249980e-07 1.775614218790e-04 7.990747690200e-06 5.440620103840e+03
     3.348000000000e+05-4.842877388000e-08 2.237122293149e+00 2.235174179080e-08
     9.646134367353e-01 1.727500000000e+02 2.387986889220e+00-5.708094907920e-09
    -5.068068248240e-10 5.130000000000e+02 1.969000000000e+03 0.000000000000e+00
     3.120000000000e+00 0.000000000000e+00-1.961137080193e-09-2.426798367500e-09
     3.354000000000e+05
E21 2017 10 04 21 00 00 1.572031592379e-04 8.266454187830e-11 0.000000000000e+00
     6.400000000000e+01 3.312500000000e+00 3.233348967680e-09-1.602184401033e+00
     1.247972249980e-07 1.775614218790e-04 7.990747690200e-06 5.440620103840e+03
     3.348000000000e+05-4.842877388000e-08 1.427271907558e-01 2.235174179080e-08
     9.646134367353e-01 1.727500000000e+02 2.387986889220e+00-5.708094907920e-09
    -5.068068248240e-10 5.130000000000e+02 1.969000000000e+03 0.000000000000e+00
     3.120000000000e+00 0.000000000000e+00 3.438862919807e-09 2.973201632500e-09
     3.354000000000e+05
E22 2017 10 04 21 00 00 1.573031592379e-04 8.266454187830e-11 0.000000000000e+00
     6.400000000000e+01 3.312500000000e+00 3.233348967680e-09-2.110082700235e+00
     1.247972249980e-07 1.775614218790e-04 7.990747690200e-06 5.440620103840e+03
     3.348000000000e+05-4.842877388000e-08 1.427271907558e-01 2.235174179080e-08
     9.646134367353e-01 1.727500000000e+02 2.387986889220e+00-5.708094907920e-09
    -5.068068248240e-10 5.130000000000e+02 1.969000000000e+03 0.000000000000e+00
     3.120000000000e+00 0.000000000000e+00 3.738862919807e-09 3.273201632500e-09
     3.354000000000e+05
E23 2017 10 04 21 00 00 1.574031592379e-04 8.266454187830e-11 0.000000000000e+00
     6.400000000000e+01 3.312500000000e+00 3.233348967680e-09-1.220550999437e+00
     1.247972249980e-07 1.775614218790e-04 7.990747690200e-06 5.440620103840e+03
     3.348000000000e+05-4.842877388000e-08 1.427271907558e-01 2.235174179080e-08
     9.646134367353e-01 1.727500000000e+02 2.387986889220e+00-5.708094907920e-09
    -5.068068248240e-10 5.130000000000e+02 1.969000000000e+03 0.000000000000e+00
     3.120000000000e+00 0.000000000000e+00 4.038862919807e-09 3.573201632500e-09
     3.354000000000e+05
E24 2017 10 04 21 00 00 1.575031592379e-04 8.266454187830e-11 0.000000000000e+00
     6.400000000000e+01 3.312500000000e+00 3.233348967680e-09-7.138192986393e-01
     1.247972249980e-07 1.775614218790e-04 7.990747690200e-06 5.440620103840e+03
     3.348000000000e+05-4.842877388000e-08 1.427271907558e-01 2.235174179080e-08
     9.646134367353e-01 1.727500000000e+02 2.387986889220e+00-5.708094907920e-09
    -5.068068248240e-10 5.130000000000e+02 1.969000000000e+03 0.000000000000e+00
     3.120000000000e+00 0.000000000000e+00 4.338862919807e-09 3.873201632500e-09
     3.354000000000e+05
E02 2017 10 04 21 50 00 1.555511528635e-04 8.266454187830e-11 0.000000000000e+00
     6.500000000000e+01 3.312500000000e+00 3.233348967680e-09-2.288745030939e+00
     1.247972249980e-07 1.775614218790e-04 7.990747690200e-06 5.440620103840e+03
     3.378000000000e+05-4.842877388000e-08 2.237105168864e+00 2.235174179080e-08
     9.646119163148e-01 1.727500000000e+02 2.387986889220e+00-5.708094907920e-09
    -5.068068248240e-10 5.130000000000e+02 1.969000000000e+03 0.000000000000e+00
     3.120000000000e+00 0.000000000000e+00-2.261137080193e-09-2.726798367500e-09
     3.384000000000e+05
E03 2017 10 04 21 50 00 1.556511528635e-04 8.266454187830e-11 0.000000000000e+00
     6.500000000000e+01 3.312500000000e+00 3.233348967680e-09 2.961691362679e+00
     1.247972249980e-07 1.775614218790e-04 7.990747690200e-06 5.440620103840e+03
     3.378000000000e+05-4.842877388000e-08 2.237105168864e+00 2.235174179080e-08
     9.646119163148e-01 1.727500000000e+02 2.387986889220e+00-5.708094907920e-09
    -5.068068248240e-10 5.130000000000e+02 1.969000000000e+03 0.000000000000e+00
     3.120000000000e+00 0.000000000000e+00-1.961137080193e-09-2.426798367500e-09
     3.384000000000e+05
E21 2017 10 04 21 50 00 1.574511528635e-04 8.266454187830e-11 0.000000000000e+00
     6.500000000000e+01 3.312500000000e+00 3.233348967680e-09-1.230258637321e+00
     1.247972249980e-07 1.775614218790e-04 7.990747690200e-06 5.440620103840e+03
     3.378000000000e+05-4.842877388000e-08 1.427100664708e-01 2.235174179080e-08
     9.646119163148e-01 1.727500000000e+02 2.387986889220e+00-5.708094907920e-09
    -5.068068248240e-10 5.130000000000e+02 1.969000000000e+03 0.000000000000e+00
     3.120000000000e+00 0.000000000000e+00 3.438862919807e-09 2.973201632500e-09
     3.384000000000e+05
E22 2017 10 04 21 50 00 1.575511528635e-04 8.266454187830e-11 0.000000000000e+00
     6.500000000000e+01 3.312500000000e+00 3.233348967680e-09-1.738156936524e+00
     1.247972249980e-07 1.775614218790e-04 7.990747690200e-06 5.440620103840e+03
     3.378000000000e+05-4.842877388000e-08 1.427100664708e-01 2.235174179080e-08
     9.646119163148e-01 1.727500000000e+02 2.387986889220e+00-5.708094907920e-09
    -5.068068248240e-10 5.130000000000e+02 1.969000000000e+03 0.000000000000e+00
     3.120000000000e+00 0.000000000000e+00 3.738862919807e-09 3.273201632500e-09
     3.384000000000e+05
E23 2017 10 04 21 50 00 1.576511528635e-04 8.266454187830e-11 0.000000000000e+00
     6.500000000000e+01 3.312500000000e+00 3.233348967680e-09-8.486252357260e-01
     1.247972249980e-07 1.775614218790e-04 7.990747690200e-06 5.440620103840e+03
     3.378000000000e+05-4.842877388000e-08 1.427100664708e-01 2.235174179080e-08
     9.646119163148e-01 1.727500000000e+02 2.387986889220e+00-5.708094907920e-09
    -5.068068248240e-10 5.130000000000e+02 1.969000000000e+03 0.000000000000e+00
     3.120000000000e+00 0.000000000000e+00 4.038862919807e-09 3.573201632500e-09
     3.384000000000e+05
E24 2017 10 04 21 50 00 1.577511528635e-04 8.266454187830e-11 0.000000000000e+00
     6.500000000000e+01 3.312500000000e+00 3.233348967680e-09-3.418935349282e-01
     1.247972249980e-07 1.775614218790e-04 7.990747690200e-06 5.440620103840e+03
     3.378000000000e+05-4.842877388000e-08 1.427100664708e-01 2.235174179080e-08
     9.646119163148e-01 1.727500000000e+02 2.387986889220e+00-5.708094907920e-09
    -5.068068248240e-10 5.130000000000e+02 1.969000000000e+03 0.000000000000e+00
     3.120000000000e+00 0.000000000000e+00 4.338862919807e-09 3.873201632500e-09
     3.384000000000e+05
E02 2017 10 04 22 40 00 1.557991464891e-04 8.266454187830e-11 0.000000000000e+00
     6.600000000000e+01 3.312500000000e+00 3.233348967680e-09-1.916819267228e+00
     1.247972249980e-07 1.775614218790e-04 7.990747690200e-06 5.440620103840e+03
     3.408000000000e+05-4.842877388000e-08 2.237088044579e+00 2.235174179080e-08
     9.646103958944e-01 1.727500000000e+02 2.387986889220e+00-5.708094907920e-09
    -5.068068248240e-10 5.130000000000e+02 1.969000000000e+03 0.000000000000e+00
     3.120000000000e+00 0.000000000000e+00-2.261137080193e-09-2.726798367500e-09
     3.414000000000e+05
E03 2017 10 04 22 40 00 1.558991464891e-04 8.266454187830e-11 0.000000000000e+00
     6.600000000000e+01 3.312500000000e+00 3.233348967680e-09-2.949568180790e+00
     1.247972249980e-07 1.775614218790e-04 7.990747690200e-06 5.440620103840e+03
     3.408000000000e+05-4.842877388000e-08 2.237088044579e+00 2.235174179080e-08
     9.646103958944e-01 1.727500000000e+02 2.387986889220e+00-5.708094907920e-09
    -5.068068248240e-10 5.130000000000e+02 1.969000000000e+03 0.000000000000e+00
     3.120000000000e+00 0.000000000000e+00-1.961137080193e-09-2.426798367500e-09
     3.414000000000e+05
E21 2017 10 04 22 40 00 1.576991464891e-04 8.266454187830e-11 0.000000000000e+00
     6.600000000000e+01 3.312500000000e+00 3.233348967680e-09-8.583328736100e-01
     1.247972249980e-07 1.775614218790e-04 7.990747690200e-06 5.440620103840e+03
     3.408000000000e+05-4.842877388000e-08 1.426929421858e-01 2.235174179080e-08
     9.646103958944e-01 1.727500000000e+02 2.387986889220e+00-5.708094907920e-09
    -5.068068248240e-10 5.130000000000e+02 1.969000000000e+03 0.000000000000e+00
     3.120000000000e+00 0.000000000000e+00 3.438862919807e-09 2.973201632500e-09
     3.414000000000e+05
E22 2017 10 04 22 40 00 1.577991464891e-04 8.266454187830e-11 0.000000000000e+00
     6.600000000000e+01 3.312500000000e+00 3.233348967680e-09-1.366231172813e+00
     1.247972249980e-07 1.775614218790e-04 7.990747690200e-06 5.440620103840e+03
     3.408000000000e+05-4.842877388000e-08 1.426929421858e-01 2.235174179080e-08
     9.646103958944e-01 1.727500000000e+02 2.387986889220e+00-5.708094907920e-09
    -5.068068248240e-10 5.130000000000e+02 1.969000000000e+03 0.000000000000e+00
     3.120000000000e+00 0.000000000000e+00 3.738862919807e-09 3.273201632500e-09
     3.414000000000e+05
E23 2017 10 04 22 40 00 1.578991464891e-04 8.266454187830e-11 0.000000000000e+00
     6.600000000000e+01 3.312500000000e+00 3.233348967680e-09-4.766994720149e-01
     1.247972249980e-07 1.775614218790e-04 7.990747690200e-06 5.440620103840e+03
     3.408000000000e+05-4.842877388000e-08 1.426929421858e-01 2.235174179080e-08
     9.646103958944e-01 1.727500000000e+02 2.387986889220e+00-5.708094907920e-09
    -5.068068248240e-10 5.130000000000e+02 1.969000000000e+03 0.000000000000e+00
     3.120000000000e+00 0.000000000000e+00 4.038862919807e-09 3.573201632500e-09
     3.414000000000e+05
E24 2017 10 04 22 40 00 1.579991464891e-04 8.266454187830e-11 0.000000000000e+00
     6.600000000000e+01 3.312500000000e+00 3.233348967680e-09 3.003222878283e-02
     1.247972249980e-07 1.775614218790e-04 7.990747690200e-06 5.440620103840e+03
     3.408000000000e+05-4.842877388000e-08 1.426929421858e-01 2.235174179080e-08
     9.646103958944e-01 1.727500000000e+02 2.387986889220e+00-5.708094907920e-09
    -5.068068248240e-10 5.130000000000e+02 1.969000000000e+03 0.000000000000e+00
     3.120000000000e+00 0.000000000000e+00 4.338862919807e-09 3.873201632500e-09
     3.414000000000e+05
E01 2017 10 04 23 30 00 1.559471401148e-04 8.266454187830e-11 0.000000000000e+00
     6.700000000000e+01 3.312500000000e+00 3.233348967680e-09-3.088700511495e+00
     1.247972249980e-07 1.775614218790e-04 7.990747690200e-06 5.440620103840e+03
     3.438000000000e+05-4.842877388000e-08 2.237070920294e+00 2.235174179080e-08
     9.646088754739e-01 1.727500000000e+02 2.387986889220e+00-5.708094907920e-09
    -5.068068248240e-10 5.130000000000e+02 1.969000000000e+03 0.000000000000e+00
     3.120000000000e+00 0.000000000000e+00-2.561137080193e-09-3.026798367500e-09
     3.444000000000e+05
E02 2017 10 04 23 30 00 1.560471401148e-04 8.266454187830e-11 0.000000000000e+00
     6.700000000000e+01 3.312500000000e+00 3.233348967680e-09-1.544893503517e+00
     1.247972249980e-07 1.775614218790e-04 7.990747690200e-06 5.440620103840e+03
     3.438000000000e+05-4.842877388000e-08 2.237070920294e+00 2.235174179080e-08
     9.646088754739e-01 1.727500000000e+02 2.387986889220e+00-5.708094907920e-09
    -5.068068248240e-10 5.130000000000e+02 1.969000000000e+03 0.000000000000e+00
     3.120000000000e+00 0.000000000000e+00-2.261137080193e-09-2.726798367500e-09
     3.444000000000e+05
E03 2017 10 04 23 30 00 1.561471401148e-04 8.266454187830e-11 0.000000000000e+00
     6.700000000000e+01 3.312500000000e+00 3.233348967680e-09-2.577642417079e+00
     1.247972249980e-07 1.775614218790e-04 7.990747690200e-06 5.440620103840e+03
     3.438000000000e+05-4.842877388000e-08 2.237070920294e+00 2.235174179080e-08
     9.646088754739e-01 1.727500000000e+02 2.387986889220e+00-5.708094907920e-09
    -5.068068248240e-10 5.130000000000e+02 1.969000000000e+03 0.000000000000e+00
     3.120000000000e+00 0.000000000000e+00-1.961137080193e-09-2.426798367500e-09
     3.444000000000e+05
E04 2017 10 04 23 30 00 1.562471401148e-04 8.266454187830e-11 0.000000000000e+00
     6.700000000000e+01 3.312500000000e+00 3.233348967680e-09-9.943054091016e-01
     1.247972249980e-07 1.775614218790e-04 7.990747690200e-06 5.440620103840e+03
     3.438000000000e+05-4.842877388000e-08 2.237070920294e+00 2.235174179080e-08
     9.646088754739e-01 1.727500000000e+02 2.387986889220e+00-5.708094907920e-09
    -5.068068248240e-10 5.130000000000e+02 1.969000000000e+03 0.000000000000e+00
     3.120000000000e+00 0.000000000000e+00-1.661137080193e-09-2.126798367500e-09
     3.444000000000e+05
E05 2017 10 04 23 30 00 1.563471401148e-04 8.266454187830e-11 0.000000000000e+00
     6.700000000000e+01 3.312500000000e+00 3.233348967680e-09-2.961737083038e-01
     1.247972249980e-07 1.775614218790e-04 7.990747690200e-06 5.440620103840e+03
     3.438000000000e+05-4.842877388000e-08 2.237070920294e+00 2.235174179080e-08
     9.646088754739e-01 1.727500000000e+02 2.387986889220e+00-5.708094907920e-09
    -5.068068248240e-10 5.130000000000e+02 1.969000000000e+03 0.000000000000e+00
     3.120000000000e+00 0.000000000000e+00-1.361137080193e-09-1.826798367500e-09
     3.444000000000e+05
E06 2017 10 04 23 30 00 1.564471401148e-04 8.266454187830e-11 0.000000000000e+00
     6.700000000000e+01 3.312500000000e+00 3.233348967680e-09 4.019579924939e-01
     1.247972249980e-07 1.775614218790e-04 7.990747690200e-06 5.440620103840e+03
     3.438000000000e+05-4.842877388000e-08 2.237070920294e+00 2.235174179080e-08
     9.646088754739e-01 1.727500000000e+02 2.387986889220e+00-5.708094907920e-09
    -5.068068248240e-10 5.130000000000e+02 1.969000000000e+03 0.000000000000e+00
     3.120000000000e+00 0.000000000000e+00-1.061137080193e-09-1.526798367500e-09
     3.444000000000e+05
E07 2017 10 04 23 30 00 1.565471401148e-04 8.266454187830e-11 0.000000000000e+00
     6.700000000000e+01 3.312500000000e+00 3.233348967680e-09 1.100089693292e+00
     1.247972249980e-07 1.775614218790e-04 7.990747690200e-06 5.440620103840e+03
     3.438000000000e+05-4.842877388000e-08 2.237070920294e+00 2.235174179080e-08
     9.646088754739e-01 1.727500000000e+02 2.387986889220e+00-5.708094907920e-09
    -5.068068248240e-10 5.130000000000e+02 1.969000000000e+03 0.000000000000e+00
     3.120000000000e+00 0.000000000000e+00-7.611370801930e-10-1.226798367500e-09
     3.444000000000e+05
E08 2017 10 04 23 30 00 1.566471401148e-04 8.266454187830e-11 0.000000000000e+00
     6.700000000000e+01 3.312500000000e+00 3.233348967680e-09 1.798221394089e+00
     1.247972249980e-07 1.775614218790e-04 7.990747690200e-06 5.440620103840e+03
     3.438000000000e+05-4.842877388000e-08 2.237070920294e+00 2.235174179080e-08
     9.646088754739e-01 1.727500000000e+02 2.387986889220e+00-5.708094907920e-09
    -5.068068248240e-10 5.130000000000e+02 1.969000000000e+03 0.000000000000e+00
     3.120000000000e+00 0.000000000000e+00-4.611370801930e-10-9.267983675000e-10
     3.444000000000e+05
E09 2017 10 04 23 30 00 1.567471401148e-04 8.266454187830e-11 0.000000000000e+00
     6.700000000000e+01 3.312500000000e+00 3.233348967680e-09 2.496353094887e+00
     1.247972249980e-07 1.775614218790e-04 7.990747690200e-06 5.440620103840e+03
     3.438000000000e+05-4.842877388000e-08 2.237070920294e+00 2.235174179080e-08
     9.646088754739e-01 1.727500000000e+02 2.387986889220e+00-5.708094907920e-09
    -5.068068248240e-10 5.130000000000e+02 1.969000000000e+03 0.000000000000e+00
     3.120000000000e+00 0.000000000000e+00-1.611370801930e-10-6.267983675000e-10
     3.444000000000e+05
E10 2017 10 04 23 30 00 1.568471401148e-04 8.266454187830e-11 0.000000000000e+00
     6.700000000000e+01 3.312500000000e+00 3.233348967680e-09-3.088700511495e+00
     1.247972249980e-07 1.775614218790e-04 7.990747690200e-06 5.440620103840e+03
     3.438000000000e+05-4.842877388000e-08-1.951719284492e+00 2.235174179080e-08
     9.646088754739e-01 1.727500000000e+02 2.387986889220e+00-5.708094907920e-09
    -5.068068248240e-10 5.130000000000e+02 1.969000000000e+03 0.000000000000e+00
     3.120000000000e+00 0.000000000000e+00 1.388629198070e-10-3.267983675000e-10
     3.444000000000e+05
E11 2017 10 04 23 30 00 1.569471401148e-04 8.266454187830e-11 0.000000000000e+00
     6.700000000000e+01 3.312500000000e+00 3.233348967680e-09-2.390568810697e+00
     1.247972249980e-07 1.775614218790e-04 7.990747690200e-06 5.440620103840e+03
     3.438000000000e+05-4.842877388000e-08-1.951719284492e+00 2.235174179080e-08
     9.646088754739e-01 1.727500000000e+02 2.387986889220e+00-5.708094907920e-09
    -5.068068248240e-10 5.130000000000e+02 1.969000000000e+03 0.000000000000e+00
     3.120000000000e+00 0.000000000000e+00 4.388629198070e-10-2.679836750000e-11
     3.444000000000e+05
E12 2017 10 04 23 30 00 1.570471401148e-04 8.266454187830e-11 0.000000000000e+00
     6.700000000000e+01 3.312500000000e+00 3.233348967680e-09-1.692437109899e+00
     1.247972249980e-07 1.775614218790e-04 7.990747690200e-06 5.440620103840e+03
     3.438000000000e+05-4.842877388000e-08-1.951719284492e+00 2.235174179080e-08
     9.646088754739e-01 1.727500000000e+02 2.387986889220e+00-5.708094907920e-09
    -5.068068248240e-10 5.130000000000e+02 1.969000000000e+03 0.000000000000e+00
     3.120000000000e+00 0.000000000000e+00 7.388629198070e-10 2.732016325000e-10
     3.444000000000e+05
E13 2017 10 04 23 30 00 1.571471401148e-04 8.266454187830e-11 0.000000000000e+00
     6.700000000000e+01 3.312500000000e+00 3.233348967680e-09-9.943054091016e-01
     1.247972249980e-07 1.775614218790e-04 7.990747690200e-06 5.440620103840e+03
     3.438000000000e+05-4.842877388000e-08-1.951719284492e+00 2.235174179080e-08
     9.646088754739e-01 1.727500000000e+02 2.387986889220e+00-5.708094907920e-09
    -5.068068248240e-10 5.130000000000e+02 1.969000000000e+03 0.000000000000e+00
     3.120000000000e+00 0.000000000000e+00 1.038862919807e-09 5.732016325000e-10
     3.444000000000e+05
E14 2017 10 04 23 30 00 1.572471401148e-04 8.266454187830e-11 0.000000000000e+00
     6.700000000000e+01 3.312500000000e+00 3.233348967680e-09-2.961737083038e-01
     1.247972249980e-07 1.775614218790e-04 7.990747690200e-06 5.440620103840e+03
     3.438000000000e+05-4.842877388000e-08-1.951719284492e+00 2.235174179080e-08
     9.646088754739e-01 1.727500000000e+02 2.387986889220e+00-5.708094907920e-09
    -5.068068248240e-10 5.130000000000e+02 1.969000000000e+03 0.000000000000e+00
     3.120000000000e+00 0.000000000000e+00 1.338862919807e-09 8.732016325000e-10
     3.444000000000e+05
E15 2017 10 04 23 30 00 1.573471401148e-04 8.266454187830e-11 0.000000000000e+00
     6.700000000000e+01 3.312500000000e+00 3.233348967680e-09 4.019579924939e-01
     1.247972249980e-07 1.775614218790e-04 7.990747690200e-06 5.440620103840e+03
     3.438000000000e+05-4.842877388000e-08-1.951719284492e+00 2.235174179080e-08
     9.646088754739e-01 1.727500000000e+02 2.387986889220e+00-5.708094907920e-09
    -5.068068248240e-10 5.130000000000e+02 1.969000000000e+03 0.000000000000e+00
     3.120000000000e+00 0.000000000000e+00 1.638862919807e-09 1.173201632500e-09
     3.444000000000e+05
E16 2017 10 04 23 30 00 1.574471401148e-04 8.266454187830e-11 0.000000000000e+00
     6.700000000000e+01 3.312500000000e+00 3.233348967680e-09 1.100089693292e+00
     1.247972249980e-07 1.775614218790e-04 7.990747690200e-06 5.440620103840e+03
     3.438000000000e+05-4.842877388000e-08-1.951719284492e+00 2.235174179080e-08
     9.646088754739e-01 1.727500000000e+02 2.387986889220e+00-5.708094907920e-09
    -5.068068248240e-10 5.130000000000e+02 1.969000000000e+03 0.000000000000e+00
     3.120000000000e+00 0.000000000000e+00 1.938862919807e-09 1.473201632500e-09
     3.444000000000e+05
E17 2017 10 04 23 30 00 1.575471401148e-04 8.266454187830e-11 0.000000000000e+00
     6.700000000000e+01 3.312500000000e+00 3.233348967680e-09 1.798221394089e+00
     1.247972249980e-07 1.775614218790e-04 7.990747690200e-06 5.440620103840e+03
     3.438000000000e+05-4.842877388000e-08-1.951719284492e+00 2.235174179080e-08
     9.646088754739e-01 1.727500000000e+02 2.387986889220e+00-5.708094907920e-09
    -5.068068248240e-10 5.130000000000e+02 1.969000000000e+03 0.000000000000e+00
     3.120000000000e+00 0.000000000000e+00 2.238862919807e-09 1.773201632500e-09
     3.444000000000e+05
E18 2017 10 04 23 30 00 1.576471401148e-04 8.266454187830e-11 0.000000000000e+00
     6.700000000000e+01 3.312500000000e+00 3.233348967680e-09 2.496353094887e+00
     1.247972249980e-07 1.775614218790e-04 7.990747690200e-06 5.440620103840e+03
     3.438000000000e+05-4.842877388000e-08-1.951719284492e+00 2.235174179080e-08
     9.646088754739e-01 1.727500000000e+02 2.387986889220e+00-5.708094907920e-09
    -5.068068248240e-10 5.130000000000e+02 1.969000000000e+03 0.000000000000e+00
     3.120000000000e+00 0.000000000000e+00 2.538862919807e-09 2.073201632500e-09
     3.444000000000e+05
E19 2017 10 04 23 30 00 1.577471401148e-04 8.266454187830e-11 0.000000000000e+00
     6.700000000000e+01 3.312500000000e+00 3.233348967680e-09-3.088700511495e+00
     1.247972249980e-07 1.775614218790e-04 7.990747690200e-06 5.440620103840e+03
     3.438000000000e+05-4.842877388000e-08 1.426758179008e-01 2.235174179080e-08
     9.646088754739e-01 1.727500000000e+02 2.387986889220e+00-5.708094907920e-09
    -5.068068248240e-10 5.130000000000e+02 1.969000000000e+03 0.000000000000e+00
     3.120000000000e+00 0.000000000000e+00 2.838862919807e-09 2.373201632500e-09
     3.444000000000e+05
E20 2017 10 04 23 30 00 1.578471401148e-04 8.266454187830e-11 0.000000000000e+00
     6.700000000000e+01 3.312500000000e+00 3.233348967680e-09-2.390568810697e+00
     1.247972249980e-07 1.775614218790e-04 7.990747690200e-06 5.440620103840e+03
     3.438000000000e+05-4.842877388000e-08 1.426758179008e-01 2.235174179080e-08
     9.646088754739e-01 1.727500000000e+02 2.387986889220e+00-5.708094907920e-09
    -5.068068248240e-10 5.130000000000e+02 1.969000000000e+03 0.000000000000e+00
     3.120000000000e+00 0.000000000000e+00 3.138862919807e-09 2.673201632500e-09
     3.444000000000e+05
E21 2017 10 04 23 30 00 1.579471401148e-04 8.266454187830e-11 0.000000000000e+00
     6.700000000000e+01 3.312500000000e+00 3.233348967680e-09-4.864071098990e-01
     1.247972249980e-07 1.775614218790e-04 7.990747690200e-06 5.440620103840e+03
     3.438000000000e+05-4.842877388000e-08 1.426758179008e-01 2.235174179080e-08
     9.646088754739e-01 1.727500000000e+02 2.387986889220e+00-5.708094907920e-09
    -5.068068248240e-10 5.130000000000e+02 1.969000000000e+03 0.000000000000e+00
     3.120000000000e+00 0.000000000000e+00 3.438862919807e-09 2.973201632500e-09
     3.444000000000e+05
E22 2017 10 04 23 30 00 1.580471401148e-04 8.266454187830e-11 0.000000000000e+00
     6.700000000000e+01 3.312500000000e+00 3.233348967680e-09-9.943054091016e-01
     1.247972249980e-07 1.775614218790e-04 7.990747690200e-06 5.440620103840e+03
     3.438000000000e+05-4.842877388000e-08 1.426758179008e-01 2.235174179080e-08
     9.646088754739e-01 1.727500000000e+02 2.387986889220e+00-5.708094907920e-09
    -5.068068248240e-10 5.130000000000e+02 1.969000000000e+03 0.000000000000e+00
     3.120000000000e+00 0.000000000000e+00 3.738862919807e-09 3.273201632500e-09
     3.444000000000e+05
E23 2017 10 04 23 30 00 1.581471401148e-04 8.266454187830e-11 0.000000000000e+00
     6.700000000000e+01 3.312500000000e+00 3.233348967680e-09-1.047737083038e-01
     1.247972249980e-07 1.775614218790e-04 7.990747690200e-06 5.440620103840e+03
     3.438000000000e+05-4.842877388000e-08 1.426758179008e-01 2.235174179080e-08
     9.646088754739e-01 1.727500000000e+02 2.387986889220e+00-5.708094907920e-09
    -5.068068248240e-10 5.130000000000e+02 1.969000000000e+03 0.000000000000e+00
     3.120000000000e+00 0.000000000000e+00 4.038862919807e-09 3.573201632500e-09
     3.444000000000e+05
E24 2017 10 04 23 30 00 1.582471401148e-04 8.266454187830e-11 0.000000000000e+00
     6.700000000000e+01 3.312500000000e+00 3.233348967680e-09 4.019579924939e-01
     1.247972249980e-07 1.775614218790e-04 7.990747690200e-06 5.440620103840e+03
     3.438000000000e+05-4.842877388000e-08 1.426758179008e-01 2.235174179080e-08
     9.646088754739e-01 1.727500000000e+02 2.387986889220e+00-5.708094907920e-09
    -5.068068248240e-10 5.130000000000e+02 1.969000000000e+03 0.000000000000e+00
     3.120000000000e+00 0.000000000000e+00 4.338862919807e-09 3.873201632500e-09
     3.444000000000e+05
E25 2017 10 04 23 30 00 1.583471401148e-04 8.266454187830e-11 0.000000000000e+00
     6.700000000000e+01 3.312500000000e+00 3.233348967680e-09 1.100089693292e+00
     1.247972249980e-07 1.775614218790e-04 7.990747690200e-06 5.440620103840e+03
     3.438000000000e+05-4.842877388000e-08 1.426758179008e-01 2.235174179080e-08
     9.646088754739e-01 1.727500000000e+02 2.387986889220e+00-5.708094907920e-09
    -5.068068248240e-10 5.130000000000e+02 1.969000000000e+03 0.000000000000e+00
     3.120000000000e+00 0.000000000000e+00 4.638862919807e-09 4.173201632500e-09
     3.444000000000e+05
E26 2017 10 04 23 30 00 1.584471401148e-04 8.266454187830e-11 0.000000000000e+00
     6.700000000000e+01 3.312500000000e+00 3.233348967680e-09 1.798221394089e+00
     1.247972249980e-07 1.775614218790e-04 7.990747690200e-06 5.440620103840e+03
     3.438000000000e+05-4.842877388000e-08 1.426758179008e-01 2.235174179080e-08
     9.646088754739e-01 1.727500000000e+02 2.387986889220e+00-5.708094907920e-09
    -5.068068248240e-10 5.130000000000e+02 1.969000000000e+03 0.000000000000e+00
     3.120000000000e+00 0.000000000000e+00 4.938862919807e-09 4.473201632500e-09
     3.444000000000e+05
E27 2017 10 04 23 30 00 1.585471401148e-04 8.266454187830e-11 0.000000000000e+00
     6.700000000000e+01 3.312500000000e+00 3.233348967680e-09 2.496353094887e+00
     1.247972249980e-07 1.775614218790e-04 7.990747690200e-06 5.440620103840e+03
     3.438000000000e+05-4.842877388000e-08 1.426758179008e-01 2.235174179080e-08
     9.646088754739e-01 1.727500000000e+02 2.387986889220e+00-5.708094907920e-09
    -5.068068248240e-10 5.130000000000e+02 1.969000000000e+03 0.000000000000e+00
     3.120000000000e+00 0.000000000000e+00 5.238862919807e-09 4.773201632500e-09
     3.444000000000e+05
