      3.02          NAVIGATION          G: (GPS)            RINEX VERSION / TYPE
StudioView          Spectracom          20180220 095119 UTC PGM / RUN BY / DATE
                                                            COMMENT
GPUT  0.0000000000e+00 0.000000000e+00      0    0        0 TIME SYSTEM CORR
GPSA   1.0245e-08  7.4506e-09 -5.9605e-08 -5.9605e-08       IONOSPHERIC CORR
GPSB   8.8064e+04  0.0000e+00 -1.9661e+05 -6.5536e+04       IONOSPHERIC CORR
    18     0     0     0                                    LEAP SECONDS
                                                            END OF HEADER
G10 2017 10 04 00 00 00 8.033495396376e-05 9.094947017729e-12 0.000000000000e+00
     5.100000000000e+01-7.812500000000e+01 4.282321233011e-09-1.316671585228e+00
    -4.095956683159e-06 2.815182902850e-03 1.194141805172e-05 5.153678541183e+03
     2.592000000000e+05 2.980232238770e-08 2.550445789584e+00-7.264316082001e-08
     9.606211147081e-01 1.475312500000e+02-2.866024438336e+00-7.902829184557e-09
    -1.953652806053e-10 1.000000000000e+00 1.969000000000e+03 0.000000000000e+00
     2.000000000000e+00 0.000000000000e+00 1.862645149231e-09 5.100000000000e+01
     2.542680000000e+05 4.000000000000e+00
G10 2017 10 04 02 00 00 8.040061220527e-05 9.094947017729e-12 0.000000000000e+00
     5.200000000000e+01-7.937500000000e+01 4.305536485734e-09-2.664631272360e-01
    -4.051253199577e-06 2.814735169522e-03 1.228414475918e-05 5.153678081512e+03
     2.664000000000e+05 6.332993507385e-08 2.550388884997e+00 2.607703208923e-08
     9.606192070630e-01 1.416250000000e+02-2.866057100908e+00-7.982118201548e-09
    -2.417957860507e-10 1.000000000000e+00 1.969000000000e+03 0.000000000000e+00
     2.000000000000e+00 0.000000000000e+00 1.862645149231e-09 5.200000000000e+01
     2.592180000000e+05 4.000000000000e+00
G32 2017 10 04 02 00 00-5.087093450129e-04-4.888534022029e-12 0.000000000000e+00
     4.800000000000e+01 7.493750000000e+01 4.668051585943e-09-1.713970589000e+00
     3.926455974579e-06 1.428654766642e-03 9.743496775627e-06 5.153769952774e+03
     2.664000000000e+05 5.215406417847e-08-2.690514626345e+00 2.421438694000e-08
     9.580077154267e-01 1.894375000000e+02-2.584765256705e+00-8.130338661240e-09
     6.435982370213e-10 1.000000000000e+00 1.969000000000e+03 0.000000000000e+00
     2.000000000000e+00 0.000000000000e+00 9.313225746155e-10 4.800000000000e+01
     2.602320000000e+05 4.000000000000e+00
G10 2017 10 04 04 00 00 8.046627044678e-05 9.094947017729e-12 0.000000000000e+00
     5.300000000000e+01-6.981250000000e+01 4.222675891400e-09 7.835282029918e-01
    -3.624707460403e-06 2.815930289216e-03 1.222826540470e-05 5.153680513382e+03
     2.736000000000e+05 0.000000000000e+00 2.550331760972e+00 8.940696716309e-08
     9.606175393363e-01 1.435000000000e+02-2.865872638642e+00-7.934259065166e-09
    -2.814402945465e-10 1.000000000000e+00 1.969000000000e+03 0.000000000000e+00
     2.000000000000e+00 0.000000000000e+00 1.862645149231e-09 5.300000000000e+01
     2.664180000000e+05 4.000000000000e+00
G32 2017 10 04 04 00 00-5.087447352707e-04-4.888534022029e-12 0.000000000000e+00
     4.900000000000e+01 7.853125000000e+01 4.671623163285e-09-6.641576352999e-01
     4.166737198830e-06 1.428640331142e-03 9.721145033836e-06 5.153769170761e+03
     2.736000000000e+05 6.705522537231e-08-2.690573153309e+00 4.470348358154e-08
     9.580122563244e-01 1.906875000000e+02-2.584454642624e+00-8.144624970607e-09
     6.328835049955e-10 1.000000000000e+00 1.969000000000e+03 0.000000000000e+00
     2.000000000000e+00 0.000000000000e+00 9.313225746155e-10 4.900000000000e+01
     2.664180000000e+05 4.000000000000e+00
G16 2017 10 04 06 00 00 3.698095679283e-05 0.000000000000e+00 0.000000000000e+00
     1.540000000000e+02-3.146875000000e+01 3.777657354592e-09 3.853627744384e-01
    -1.454725861549e-06 9.312533657067e-03 1.254677772522e-05 5.153777399063e+03
     2.808000000000e+05 3.352761268616e-08-5.094132461693e-01 9.313225746155e-08
     9.890908698220e-01 1.505625000000e+02 4.582478355646e-01-7.722464528788e-09
    -4.782342060886e-10 1.000000000000e+00 1.969000000000e+03 0.000000000000e+00
     2.000000000000e+00 0.000000000000e+00-1.071020960808e-08 1.540000000000e+02
     2.755680000000e+05 4.000000000000e+00
G27 2017 10 04 06 00 00 3.329990431666e-04 4.547473508865e-12 0.000000000000e+00
     1.480000000000e+02 9.246875000000e+01 4.229819046084e-09-2.132362631748e-01
     4.684552550316e-06 4.953356343322e-03 8.931383490562e-06 5.153675115585e+03
     2.808000000000e+05 9.126961231232e-08 4.537813915993e-01 6.146728992462e-08
     9.760576609708e-01 2.142500000000e+02 3.905594733069e-01-8.064621638148e-09
     3.682296239562e-10 1.000000000000e+00 1.969000000000e+03 0.000000000000e+00
     2.000000000000e+00 0.000000000000e+00 1.396983861923e-09 1.480000000000e+02
     2.778480000000e+05 4.000000000000e+00
G32 2017 10 04 06 00 00-5.087801255286e-04-4.888534022029e-12 0.000000000000e+00
     5.000000000000e+01 8.025000000000e+01 4.589476884420e-09 3.861564790245e-01
     4.099681973457e-06 1.429279218428e-03 9.575858712196e-06 5.153770437241e+03
     2.808000000000e+05 3.725290298462e-09-2.690631642236e+00 1.005828380585e-07
     9.580168308693e-01 1.959375000000e+02-2.584646058140e+00-8.120695402416e-09
     6.043108862598e-10 1.000000000000e+00 1.969000000000e+03 0.000000000000e+00
     2.000000000000e+00 0.000000000000e+00 9.313225746155e-10 5.000000000000e+01
     2.736180000000e+05 4.000000000000e+00
G08 2017 10 04 08 00 00-7.577473297715e-05-1.364242052659e-12 0.000000000000e+00
     1.570000000000e+02 9.178125000000e+01 4.423041380284e-09 1.327729035438e+00
     4.770234227180e-06 2.666625427082e-03 8.989125490189e-06 5.153700435638e+03
     2.880000000000e+05 8.381903171539e-08 4.471217232945e-01 7.450580596924e-09
     9.679166125606e-01 2.057500000000e+02-6.288047277380e-01-8.064264480413e-09
     3.739441477033e-10 1.000000000000e+00 1.969000000000e+03 0.000000000000e+00
     2.000000000000e+00 0.000000000000e+00 5.587935447693e-09 1.570000000000e+02
     2.832780000000e+05 4.000000000000e+00
G10 2017 10 04 08 00 00 8.059758692980e-05 9.094947017729e-12 0.000000000000e+00
     5.500000000000e+01-6.625000000000e+01 4.227318941945e-09 2.884613637428e+00
    -3.406777977943e-06 2.815100597218e-03 1.114048063755e-05 5.153677196503e+03
     2.880000000000e+05-3.725290298462e-08 2.550217893280e+00-1.117587089539e-08
     9.606130847508e-01 1.642812500000e+02-2.866605031023e+00-7.892471610265e-09
    -3.167989102319e-10 1.000000000000e+00 1.969000000000e+03 0.000000000000e+00
     2.000000000000e+00 0.000000000000e+00 1.862645149231e-09 5.500000000000e+01
     2.832420000000e+05 4.000000000000e+00
G16 2017 10 04 08 00 00 3.698049113154e-05 0.000000000000e+00 0.000000000000e+00
     1.550000000000e+02-3.443750000000e+01 3.841588589013e-09 1.435579285794e+00
    -1.613050699234e-06 9.311834350228e-03 1.231394708157e-05 5.153775203705e+03
     2.880000000000e+05-1.098960638046e-07-5.094693066530e-01 1.955777406693e-07
     9.890877230852e-01 1.592500000000e+02 4.581451006795e-01-7.681034231621e-09
    -3.696582548929e-10 1.000000000000e+00 1.969000000000e+03 0.000000000000e+00
     2.000000000000e+00 0.000000000000e+00-1.071020960808e-08 1.550000000000e+02
     2.808180000000e+05 4.000000000000e+00
G27 2017 10 04 08 00 00 3.330321051180e-04 4.547473508865e-12 0.000000000000e+00
     1.490000000000e+02 8.637500000000e+01 4.303036381594e-09 8.370054469451e-01
     4.624947905540e-06 4.952575662173e-03 8.860602974892e-06 5.153673528671e+03
     2.880000000000e+05 2.980232238770e-08 4.537235712251e-01 8.754432201385e-08
     9.760603190930e-01 2.141250000000e+02 3.904963469288e-01-8.036049019412e-09
     3.360854278785e-10 1.000000000000e+00 1.969000000000e+03 0.000000000000e+00
     2.000000000000e+00 0.000000000000e+00 1.396983861923e-09 1.490000000000e+02
     2.808180000000e+05 4.000000000000e+00
G01 2017 10 04 10 00 00-3.295950591564e-06-1.364242052659e-12 0.000000000000e+00
     5.100000000000e+01-2.725000000000e+01 4.941634410337e-09-3.439490497842e-01
    -1.449137926102e-06 7.056954433210e-03 2.732500433922e-06 5.153672624588e+03
     2.952000000000e+05 1.490116119385e-08 1.510858372859e+00 6.705522537231e-08
     9.682743135860e-01 3.277187500000e+02 6.299744726454e-01-8.583571825934e-09
    -2.500104139373e-10 1.000000000000e+00 1.969000000000e+03 0.000000000000e+00
     2.000000000000e+00 0.000000000000e+00 5.587935447693e-09 5.100000000000e+01
     2.907720000000e+05 4.000000000000e+00
G08 2017 10 04 10 00 00-7.578451186419e-05-1.364242052659e-12 0.000000000000e+00
     1.580000000000e+02 8.753125000000e+01 4.478400829085e-09 2.378028482546e+00
     4.701316356659e-06 2.666475367732e-03 9.158626198769e-06 5.153699869156e+03
     2.952000000000e+05 8.195638656616e-08 4.470635342650e-01 9.685754776001e-08
     9.679193540691e-01 2.051562500000e+02-6.289395136952e-01-8.058907114400e-09
     4.150172871358e-10 1.000000000000e+00 1.969000000000e+03 0.000000000000e+00
     2.000000000000e+00 0.000000000000e+00 5.587935447693e-09 1.580000000000e+02
     2.880180000000e+05 4.000000000000e+00
G10 2017 10 04 10 00 00 8.066324517131e-05 9.094947017729e-12 0.000000000000e+00
     5.600000000000e+01-7.628125000000e+01 4.234462096629e-09-2.348606641328e+00
    -3.945082426071e-06 2.816267544404e-03 1.121684908867e-05 5.153674783707e+03
     2.952000000000e+05-4.284083843231e-08 2.550161323701e+00 2.607703208923e-08
     9.606108859849e-01 1.635000000000e+02-2.866393064434e+00-7.857470152314e-09
    -3.350139546759e-10 1.000000000000e+00 1.969000000000e+03 0.000000000000e+00
     2.000000000000e+00 0.000000000000e+00 1.862645149231e-09 5.600000000000e+01
     2.880180000000e+05 4.000000000000e+00
G11 2017 10 04 10 00 00-7.193842902780e-04-2.273736754432e-12 0.000000000000e+00
     5.000000000000e+01 4.553125000000e+01 6.570273678271e-09-9.539386936385e-01
     2.617016434669e-06 1.706536067650e-02 2.875924110413e-06 5.153725019455e+03
     2.952000000000e+05-2.644956111908e-07 1.099441081711e+00 6.332993507385e-08
     9.021363972592e-01 2.949062500000e+02 1.703047749197e+00-9.542897499985e-09
     2.364384200378e-10 1.000000000000e+00 1.969000000000e+03 0.000000000000e+00
     2.000000000000e+00 0.000000000000e+00-1.210719347000e-08 5.000000000000e+01
     2.893020000000e+05 4.000000000000e+00
G16 2017 10 04 10 00 00 3.698049113154e-05-1.136868377216e-13 0.000000000000e+00
     1.560000000000e+02-4.378125000000e+01 3.708725911892e-09 2.485564925271e+00
    -2.212822437286e-06 9.311157860793e-03 1.205317676067e-05 5.153777725220e+03
     2.952000000000e+05-1.154839992523e-07-5.095245142555e-01-8.754432201385e-08
     9.890864781419e-01 1.631562500000e+02 4.582723847929e-01-7.451738966267e-09
    -2.575107263554e-10 1.000000000000e+00 1.969000000000e+03 0.000000000000e+00
     2.000000000000e+00 0.000000000000e+00-1.071020960808e-08 1.560000000000e+02
     2.880180000000e+05 4.000000000000e+00
G22 2017 10 04 10 00 00-1.434050500393e-04-1.273292582482e-11 0.000000000000e+00
     1.460000000000e+02-7.875000000000e+01 5.208788395516e-09 1.214069419047e+00
    -4.293397068977e-06 7.218269165605e-03 1.087225973606e-05 5.153716480255e+03
     2.952000000000e+05-8.381903171539e-08 2.503006377200e+00-1.098960638046e-07
     9.243106146186e-01 1.554062500000e+02-1.673101400646e+00-8.448566202408e-09
    -4.835915721015e-10 1.000000000000e+00 1.969000000000e+03 0.000000000000e+00
     2.000000000000e+00 0.000000000000e+00-1.769512891769e-08 1.460000000000e+02
     2.932380000000e+05 4.000000000000e+00
G27 2017 10 04 10 00 00 3.330651670694e-04 4.547473508865e-12 0.000000000000e+00
     1.500000000000e+02 8.150000000000e+01 4.262320399896e-09 1.886911629489e+00
     4.330649971962e-06 4.952760413289e-03 9.406358003616e-06 5.153676094055e+03
     2.952000000000e+05-1.303851604462e-07 4.536652271263e-01 1.490116119385e-07
     9.760631249698e-01 2.055937500000e+02 3.907691870023e-01-7.981761043814e-09
     4.475186409477e-10 1.000000000000e+00 1.969000000000e+03 0.000000000000e+00
     2.000000000000e+00 0.000000000000e+00 1.396983861923e-09 1.500000000000e+02
     2.880180000000e+05 4.000000000000e+00
G32 2017 10 04 09 59 44-5.088504403830e-04-4.888534022029e-12 0.000000000000e+00
     1.450000000000e+02 7.581250000000e+01 4.408755070916e-09 2.483782423805e+00
     4.064291715622e-06 1.429507625289e-03 9.624287486076e-06 5.153770832062e+03
     2.951840000000e+05-7.078051567078e-08-2.690747816950e+00-6.705522537231e-08
     9.580249003254e-01 1.897500000000e+02-2.584363003973e+00-8.049621013311e-09
     5.468084910542e-10 1.000000000000e+00 1.969000000000e+03 0.000000000000e+00
     2.000000000000e+00 0.000000000000e+00 9.313225746155e-10 1.450000000000e+02
     2.938980000000e+05 4.000000000000e+00
G08 2017 10 04 12 00 00-7.579429075122e-05-1.364242052659e-12 0.000000000000e+00
     1.590000000000e+02 8.321875000000e+01 4.399826127562e-09-2.855148186622e+00
     4.453584551811e-06 2.665866399184e-03 9.434297680855e-06 5.153701158524e+03
     3.024000000000e+05-8.381903171539e-08 4.470051799257e-01 5.587935447693e-09
     9.679231752111e-01 2.005625000000e+02-6.287840918156e-01-7.941402219850e-09
     5.318078662180e-10 1.000000000000e+00 1.969000000000e+03 0.000000000000e+00
     2.000000000000e+00 0.000000000000e+00 5.587935447693e-09 1.590000000000e+02
     2.952180000000e+05 4.000000000000e+00
G10 2017 10 04 12 00 00 8.072843775153e-05 9.094947017729e-12 0.000000000000e+00
     5.700000000000e+01-8.315625000000e+01 4.250891352402e-09-1.297999582047e+00
    -4.313886165619e-06 2.816407242790e-03 1.177377998829e-05 5.153676923752e+03
     3.024000000000e+05 2.048909664154e-08 2.550105583596e+00-1.695007085800e-07
     9.606079206500e-01 1.556562500000e+02-2.866822487944e+00-7.877113827695e-09
    -5.007351433429e-10 1.000000000000e+00 1.969000000000e+03 0.000000000000e+00
     2.000000000000e+00 0.000000000000e+00 1.862645149231e-09 5.700000000000e+01
     2.952180000000e+05 4.000000000000e+00
G16 2017 10 04 12 00 00 3.698002547026e-05-1.136868377216e-13 0.000000000000e+00
     1.570000000000e+02-5.446875000000e+01 3.719083486184e-09-2.747528601874e+00
    -3.028661012650e-06 9.312766371295e-03 1.234188675880e-05 5.153774707794e+03
     3.024000000000e+05-3.352761268616e-08-5.095785720044e-01-1.620501279831e-07
     9.890845558676e-01 1.584375000000e+02 4.582932152834e-01-7.504598310928e-09
    -2.096515899731e-10 1.000000000000e+00 1.969000000000e+03 0.000000000000e+00
     2.000000000000e+00 0.000000000000e+00-1.071020960808e-08 1.570000000000e+02
     2.952180000000e+05 4.000000000000e+00
G22 2017 10 04 12 00 00-1.434967853129e-04-1.273292582482e-11 0.000000000000e+00
     1.470000000000e+02-8.325000000000e+01 5.199859452161e-09 2.264091201378e+00
    -4.453584551811e-06 7.218472776003e-03 1.002848148346e-05 5.153718254089e+03
     3.024000000000e+05 8.009374141693e-08 2.502946216156e+00-6.891787052155e-08
     9.243078131305e-01 1.628437500000e+02-1.672964565141e+00-8.287488064286e-09
    -4.939491463932e-10 1.000000000000e+00 1.969000000000e+03 0.000000000000e+00
     2.800000000000e+00 0.000000000000e+00-1.769512891769e-08 1.470000000000e+02
     2.952180000000e+05 4.000000000000e+00
G27 2017 10 04 12 00 00 3.330982290208e-04 4.547473508865e-12 0.000000000000e+00
     1.510000000000e+02 8.525000000000e+01 4.202317900551e-09 2.937261725746e+00
     4.487112164497e-06 4.954157513566e-03 1.004524528980e-05 5.153673067093e+03
     3.024000000000e+05-1.005828380585e-07 4.536080036227e-01-8.009374141693e-08
     9.760674830028e-01 1.939062500000e+02 3.905972985167e-01-7.795324706564e-09
     5.260933424708e-10 1.000000000000e+00 1.969000000000e+03 0.000000000000e+00
     2.800000000000e+00 0.000000000000e+00 1.396983861923e-09 1.510000000000e+02
     2.952180000000e+05 4.000000000000e+00
G32 2017 10 04 11 59 44-5.088853649795e-04-4.888534022029e-12 0.000000000000e+00
     1.460000000000e+02 7.368750000000e+01 4.377325190307e-09-2.749002908925e+00
     3.922730684280e-06 1.430373522453e-03 1.008622348309e-05 5.153769119263e+03
     3.023840000000e+05 3.725290298462e-09-2.690805330111e+00-2.048909664154e-08
     9.580290798823e-01 1.822812500000e+02-2.584641618184e+00-7.981761043814e-09
     5.364509167625e-10 1.000000000000e+00 1.969000000000e+03 0.000000000000e+00
     2.000000000000e+00 0.000000000000e+00 9.313225746155e-10 1.460000000000e+02
     2.952180000000e+05 4.000000000000e+00
G11 2017 10 04 12 00 00-7.194001227617e-04-2.273736754432e-12 0.000000000000e+00
     5.100000000000e+01 4.800000000000e+01 6.544558321409e-09 9.624258333562e-02
     2.633780241013e-06 1.706631027628e-02 3.177672624588e-06 5.153726917267e+03
     3.024000000000e+05-1.769512891769e-07 1.099371952980e+00-4.284083843231e-08
     9.021382054259e-01 2.880625000000e+02 1.703030378508e+00-9.591113794102e-09
     2.464388365953e-10 1.000000000000e+00 1.969000000000e+03 0.000000000000e+00
     2.000000000000e+00 0.000000000000e+00-1.210719347000e-08 5.100000000000e+01
     2.952180000000e+05 4.000000000000e+00
G32 2017 10 04 11 59 28-5.088858306408e-04-4.888534022029e-12 0.000000000000e+00
     5.300000000000e+01 7.368750000000e+01 4.377325190307e-09-2.751336804542e+00
     3.922730684280e-06 1.430374803022e-03 1.008622348309e-05 5.153769121170e+03
     3.023680000000e+05 3.725290298462e-09-2.690805191134e+00-2.048909664154e-08
     9.580290667161e-01 1.822812500000e+02-2.584641337303e+00-7.981761043814e-09
     5.364509167625e-10 1.000000000000e+00 1.969000000000e+03 0.000000000000e+00
     2.000000000000e+00 0.000000000000e+00 9.313225746155e-10 5.300000000000e+01
     2.999880000000e+05 4.000000000000e+00
G27 2017 10 04 11 59 44 3.330986946821e-04 4.547473508865e-12 0.000000000000e+00
     5.100000000000e+01 8.525000000000e+01 4.202317900551e-09 2.934928744454e+00
     4.487112164497e-06 4.954163450748e-03 1.004524528980e-05 5.153673069000e+03
     3.023840000000e+05-1.005828380585e-07 4.536081411370e-01-8.009374141693e-08
     9.760674742253e-01 1.939062500000e+02 3.905965304847e-01-7.794967548830e-09
     5.260933424708e-10 1.000000000000e+00 1.969000000000e+03 0.000000000000e+00
     2.000000000000e+00 0.000000000000e+00 1.396983861923e-09 5.100000000000e+01
     3.014280000000e+05 4.000000000000e+00
G01 2017 10 04 11 59 28-3.305729478598e-06-1.364242052659e-12 0.000000000000e+00
     5.300000000000e+01-1.718750000000e+01 4.958777981578e-09 7.015431899984e-01
    -7.580965757370e-07 7.058366667479e-03 2.706423401833e-06 5.153675308228e+03
     3.023680000000e+05 4.097819328308e-08 1.510796574810e+00 4.284083843231e-08
     9.682725288260e-01 3.284062500000e+02 6.299986605330e-01-8.611787286936e-09
    -2.257236880119e-10 1.000000000000e+00 1.969000000000e+03 0.000000000000e+00
     2.000000000000e+00 0.000000000000e+00 5.587935447693e-09 5.300000000000e+01
     3.021120000000e+05 4.000000000000e+00
G22 2017 10 04 14 00 00-1.435885205865e-04-1.273292582482e-11 0.000000000000e+00
     1.480000000000e+02-8.878125000000e+01 5.240218276125e-09-2.968872148002e+00
    -4.598870873451e-06 7.218757527880e-03 1.014024019241e-05 5.153717472076e+03
     3.096000000000e+05 1.005828380585e-07 2.502886467656e+00-1.117587089539e-08
     9.243042889608e-01 1.609375000000e+02-1.673027040520e+00-8.286773748818e-09
    -4.671623163285e-10 1.000000000000e+00 1.969000000000e+03 0.000000000000e+00
     2.800000000000e+00 0.000000000000e+00-1.769512891769e-08 1.480000000000e+02
     3.024180000000e+05 4.000000000000e+00
G01 2017 10 04 13 59 28-3.315508365631e-06-1.364242052659e-12 0.000000000000e+00
     5.400000000000e+01-1.046875000000e+01 5.017351849987e-09 1.751910487247e+00
    -5.569308996201e-07 7.058034185320e-03 2.555549144745e-06 5.153672786713e+03
     3.095680000000e+05-1.527369022369e-07 1.510733915103e+00 1.154839992523e-07
     9.682715706146e-01 3.353125000000e+02 6.298158060135e-01-8.537141320489e-09
    -7.286017777600e-11 1.000000000000e+00 1.969000000000e+03 0.000000000000e+00
     2.000000000000e+00 0.000000000000e+00 5.587935447693e-09 5.400000000000e+01
     3.024180000000e+05 4.000000000000e+00
G32 2017 10 04 13 59 28-5.089207552373e-04-4.888534022029e-12 0.000000000000e+00
     5.400000000000e+01 7.821875000000e+01 4.404469178106e-09-1.700587650565e+00
     4.153698682785e-06 1.429449766874e-03 1.077540218830e-05 5.153771524429e+03
     3.095680000000e+05 1.303851604462e-08-2.690862394157e+00-8.754432201385e-08
     9.580327898426e-01 1.738750000000e+02-2.585270007330e+00-7.983903990219e-09
     4.846630453041e-10 1.000000000000e+00 1.969000000000e+03 0.000000000000e+00
     2.000000000000e+00 0.000000000000e+00 9.313225746155e-10 5.400000000000e+01
     3.024180000000e+05 4.000000000000e+00
G08 2017 10 04 14 00 00-7.580406963825e-05-1.364242052659e-12 0.000000000000e+00
     1.600000000000e+02 8.018750000000e+01 4.407683597714e-09-1.805468239971e+00
     4.168599843979e-06 2.667273394763e-03 1.036375761032e-05 5.153697570801e+03
     3.096000000000e+05-9.313225746155e-08 4.469478276853e-01-5.401670932770e-08
     9.679268939489e-01 1.871250000000e+02-6.282994358334e-01-7.977117993270e-09
     5.482371219910e-10 1.000000000000e+00 1.969000000000e+03 0.000000000000e+00
     2.800000000000e+00 0.000000000000e+00 5.587935447693e-09 1.600000000000e+02
     3.024180000000e+05 4.000000000000e+00
G11 2017 10 04 14 00 00-7.194159552455e-04-2.273736754432e-12 0.000000000000e+00
     5.200000000000e+01 5.771875000000e+01 6.560273261714e-09 1.146459739839e+00
     2.678483724594e-06 1.706528954674e-02 3.216788172722e-06 5.153724300385e+03
     3.096000000000e+05-2.011656761169e-07 1.099302499482e+00-3.520399332047e-07
     9.021410025253e-01 2.864375000000e+02 1.702977565703e+00-9.366461579292e-09
     3.585863651329e-10 1.000000000000e+00 1.969000000000e+03 0.000000000000e+00
     2.000000000000e+00 0.000000000000e+00-1.210719347000e-08 5.200000000000e+01
     3.024180000000e+05 4.000000000000e+00
G22 2017 10 04 13 59 44-1.435889862478e-04-1.273292582482e-11 0.000000000000e+00
     0.000000000000e+00-8.878125000000e+01 5.240575433859e-09-2.971205866605e+00
    -4.598870873451e-06 7.218759506941e-03 1.014024019241e-05 5.153717477798e+03
     3.095840000000e+05 1.005828380585e-07 2.502886616874e+00-1.117587089539e-08
     9.243042962754e-01 1.609375000000e+02-1.673027014188e+00-8.287130906552e-09
    -4.671623163285e-10 1.000000000000e+00 1.969000000000e+03 0.000000000000e+00
     2.000000000000e+00 0.000000000000e+00-1.769512891769e-08 0.000000000000e+00
     3.034560000000e+05 4.000000000000e+00
G27 2017 10 04 13 59 44 3.331317566335e-04 4.547473508865e-12 0.000000000000e+00
     5.300000000000e+01 8.690625000000e+01 4.188388748917e-09-2.297997394141e+00
     4.341825842857e-06 4.954188247211e-03 1.037120819092e-05 5.153673252106e+03
     3.095840000000e+05 4.284083843231e-08 4.535512936033e-01-1.545995473862e-07
     9.760712061293e-01 1.883437500000e+02 3.905169887029e-01-7.877828143163e-09
     6.100254100069e-10 1.000000000000e+00 1.969000000000e+03 0.000000000000e+00
     2.000000000000e+00 0.000000000000e+00 1.396983861923e-09 5.300000000000e+01
     3.024180000000e+05 4.000000000000e+00
G01 2017 10 04 13 59 12-3.315508365631e-06-1.364242052659e-12 0.000000000000e+00
     1.000000000000e+01-1.046875000000e+01 5.017351849987e-09 1.749576743774e+00
    -5.569308996201e-07 7.058034185320e-03 2.555549144745e-06 5.153672786713e+03
     3.095520000000e+05-1.527369022369e-07 1.510734052617e+00 1.154839992523e-07
     9.682715720775e-01 3.353125000000e+02 6.298158060135e-01-8.537141320489e-09
    -7.286017777600e-11 1.000000000000e+00 1.969000000000e+03 0.000000000000e+00
     2.000000000000e+00 0.000000000000e+00 5.587935447693e-09 1.000000000000e+01
     3.055380000000e+05 4.000000000000e+00
G01 2017 10 04 15 59 12-3.325287252665e-06-1.364242052659e-12 0.000000000000e+00
     1.540000000000e+02-8.750000000000e+00 4.947706091818e-09 2.799792775293e+00
    -5.178153514862e-07 7.058123126626e-03 2.590939402580e-06 5.153672355652e+03
     3.167520000000e+05-8.381903171539e-08 1.510672883624e+00-5.401670932770e-08
     9.682719026970e-01 3.345000000000e+02 6.297849633116e-01-8.390706649469e-09
    -2.357241045694e-11 1.000000000000e+00 1.969000000000e+03 0.000000000000e+00
     2.000000000000e+00 0.000000000000e+00 5.587935447693e-09 1.540000000000e+02
     3.096180000000e+05 4.000000000000e+00
G22 2017 10 04 15 59 44-1.436807215214e-04-1.273292582482e-11 0.000000000000e+00
     5.600000000000e+01-9.225000000000e+01 5.228432070896e-09-1.921013787444e+00
    -4.723668098450e-06 7.217857986689e-03 1.050531864166e-05 5.153719058990e+03
     3.167840000000e+05 1.341104507446e-07 2.502827068794e+00 7.823109626770e-08
     9.243007984383e-01 1.531875000000e+02-1.673060955350e+00-8.333204254263e-09
    -4.885917803802e-10 1.000000000000e+00 1.969000000000e+03 0.000000000000e+00
     2.000000000000e+00 0.000000000000e+00-1.769512891769e-08 5.600000000000e+01
     3.096180000000e+05 4.000000000000e+00
G08 2017 10 04 16 00 00-7.581384852529e-05-1.364242052659e-12 0.000000000000e+00
     1.610000000000e+02 8.687500000000e+01 4.304465012531e-09-7.546997462166e-01
     4.306435585022e-06 2.667844528332e-03 1.065805554390e-05 5.153700794220e+03
     3.168000000000e+05 5.587935447693e-09 4.468898317610e-01-6.146728992462e-08
     9.679310135262e-01 1.767812500000e+02-6.289034352096e-01-8.019976921373e-09
     6.075253058675e-10 1.000000000000e+00 1.969000000000e+03 0.000000000000e+00
     2.800000000000e+00 0.000000000000e+00 5.587935447693e-09 1.610000000000e+02
     3.096180000000e+05 4.000000000000e+00
G11 2017 10 04 16 00 00-7.194322533906e-04-2.273736754432e-12 0.000000000000e+00
     5.300000000000e+01 6.984375000000e+01 6.284904648648e-09 2.196502438972e+00
     3.367662429810e-06 1.706470781937e-02 2.425163984299e-06 5.153728252411e+03
     3.168000000000e+05 1.750886440277e-07 1.099237480088e+00-1.192092895508e-07
     9.021452508394e-01 2.968750000000e+02 1.703097298233e+00-8.920728727016e-09
     2.939408152434e-10 1.000000000000e+00 1.969000000000e+03 0.000000000000e+00
     2.800000000000e+00 0.000000000000e+00-1.210719347000e-08 5.300000000000e+01
     3.096180000000e+05 4.000000000000e+00
G01 2017 10 04 18 00 00-3.335066139698e-06-1.364242052659e-12 0.000000000000e+00
     1.550000000000e+02-1.387500000000e+01 4.991993650859e-09-2.426223603300e+00
    -8.773058652878e-07 7.058818824589e-03 2.562999725342e-06 5.153671037674e+03
     3.240000000000e+05 4.656612873077e-08 1.510611245033e+00-1.154839992523e-07
     9.682717139806e-01 3.347187500000e+02 6.298029528152e-01-8.475353032473e-09
     6.250260348431e-11 1.000000000000e+00 1.969000000000e+03 0.000000000000e+00
     2.000000000000e+00 0.000000000000e+00 5.587935447693e-09 1.550000000000e+02
     3.168180000000e+05 4.000000000000e+00
G22 2017 10 04 18 00 00-1.437729224563e-04-1.273292582482e-11 0.000000000000e+00
     5.700000000000e+01-8.671875000000e+01 5.364509167625e-09-8.686377149560e-01
    -4.496425390244e-06 7.218135404401e-03 1.103058457375e-05 5.153717575073e+03
     3.240000000000e+05-1.210719347000e-07 2.502765848598e+00 4.470348358154e-08
     9.242960936938e-01 1.468125000000e+02-1.672943491806e+00-8.604644132252e-09
    -4.768055751518e-10 1.000000000000e+00 1.969000000000e+03 0.000000000000e+00
     2.000000000000e+00 0.000000000000e+00-1.769512891769e-08 5.700000000000e+01
     3.168180000000e+05 4.000000000000e+00
G01 2017 10 04 22 00 00-3.354623913770e-06-1.364242052660e-12 0.000000000000e+00
     1.570000000000e+02-1.346875000000e+01 4.925562180350e-09-3.258363099450e-01
    -5.587935447690e-07 7.058632094410e-03 2.721324563030e-06 5.153671295170e+03
     3.384000000000e+05 6.705522537230e-08 1.510488832440e+00 4.097819328310e-08
     9.682721616340e-01 3.317500000000e+02 6.297863721020e-01-8.589286615290e-09
     3.285851105090e-11 1.000000000000e+00 1.969000000000e+03 0.000000000000e+00
     2.000000000000e+00 0.000000000000e+00 5.587935447690e-09 1.570000000000e+02
     3.312000000000e+05 0.000000000000e+00
G02 2017 10 04 22 00 00 3.143618814650e-04-9.322320693170e-12 0.000000000000e+00
     4.800000000000e+01 6.375000000000e+00 5.478799636190e-09 8.676774569920e-02
     2.440065145490e-07 1.711739168970e-02 2.715736627580e-06 5.153586059570e+03
     3.384000000000e+05-2.644956111910e-07 1.454310722790e+00 2.104789018630e-07
     9.472632784840e-01 3.234687500000e+02-1.950958537020e+00-9.063591654980e-09
     8.964658876340e-11 1.000000000000e+00 1.969000000000e+03 0.000000000000e+00
     2.000000000000e+00 0.000000000000e+00-2.048909664150e-08 4.800000000000e+01
     3.312300000000e+05 0.000000000000e+00
G03 2017 10 04 22 00 00-6.004283204670e-05 4.661160346590e-12 0.000000000000e+00
     5.800000000000e+01-6.803125000000e+01 4.559118477010e-09-1.321318974610e+00
    -3.574416041370e-06 1.022139214910e-03 1.089461147790e-05 5.153648393630e+03
     3.384000000000e+05 2.235174179080e-08 2.553435616710e+00 2.048909664150e-08
     9.604542586610e-01 1.699687500000e+02 5.018415084220e-01-8.031048811130e-09
    -3.403713206890e-10 1.000000000000e+00 1.969000000000e+03 0.000000000000e+00
     2.000000000000e+00 0.000000000000e+00 2.328306436540e-09 5.800000000000e+01
     3.312000000000e+05 4.000000000000e+00
G04 2017 10 04 22 00 00 3.963429480790e-05 8.071765478230e-12 0.000000000000e+00
     2.000000000000e+00 6.709375000000e+01 4.287321441290e-09 2.108379511790e+00
     3.471970558170e-06 1.238356775140e-02 1.117773354050e-05 5.153673286440e+03
     3.384000000000e+05-2.924352884290e-07 3.633992888100e-01 1.303851604460e-08
     9.573791726740e-01 1.624062500000e+02 4.427737376580e-01-7.985332621160e-09
     3.864446684000e-10 1.000000000000e+00 1.969000000000e+03 0.000000000000e+00
     2.000000000000e+00 6.300000000000e+01-5.587935447690e-09 2.000000000000e+00
     3.312000000000e+05 4.000000000000e+00
G05 2017 10 04 22 00 00-2.712942659860e-05 1.364242052660e-12 0.000000000000e+00
     6.700000000000e+01-9.368750000000e+01 4.821629318030e-09 2.606148933620e+00
    -4.770234227180e-06 5.223797401410e-03 1.147389411930e-05 5.153573688510e+03
     3.384000000000e+05-3.539025783540e-08 2.534842630120e+00-9.685754776000e-08
     9.473692815270e-01 1.515000000000e+02 5.998565150260e-01-8.120695227380e-09
    -4.193031755140e-10 1.000000000000e+00 1.969000000000e+03 0.000000000000e+00
     2.000000000000e+00 0.000000000000e+00-1.071020960810e-08 6.700000000000e+01
     3.312300000000e+05 0.000000000000e+00
G07 2017 10 04 22 00 00 2.975356765090e-04-5.002220859750e-12 0.000000000000e+00
     6.500000000000e+01-1.106250000000e+01 5.086640450420e-09-9.583607482800e-01
    -6.016343832020e-07 1.107617141680e-02 2.657994627950e-06 5.153710880280e+03
     3.384000000000e+05 2.309679985050e-07-1.616270629120e+00 5.587935447690e-08
     9.605669399260e-01 3.267187500000e+02-2.554032349770e+00-8.599643923970e-09
    -1.835790753770e-10 1.000000000000e+00 1.969000000000e+03 0.000000000000e+00
     2.000000000000e+00 0.000000000000e+00-1.117587089540e-08 6.500000000000e+01
     3.312000000000e+05 4.000000000000e+00
G08 2017 10 04 22 00 00-7.584365084770e-05-1.364242052660e-12 0.000000000000e+00
     5.300000000000e+01 8.203125000000e+01 4.160173287920e-09 2.395866067980e+00
     4.274770617480e-06 2.668650122360e-03 1.018680632110e-05 5.153701080320e+03
     3.384000000000e+05-2.048909664150e-08 4.467184552970e-01 2.235174179080e-08
     9.679434454040e-01 1.865312500000e+02-6.289844106510e-01-7.881756878240e-09
     4.450185368080e-10 1.000000000000e+00 1.969000000000e+03 0.000000000000e+00
     2.000000000000e+00 0.000000000000e+00 5.587935447690e-09 5.300000000000e+01
     3.312000000000e+05 4.000000000000e+00
G09 2017 10 04 22 00 00 4.530269652600e-04 5.684341886080e-12 0.000000000000e+00
     1.520000000000e+02 9.000000000000e+01 4.639836124940e-09 2.057433603270e+00
     4.585832357410e-06 8.557491237300e-04 1.064501702780e-05 5.153770488740e+03
     3.384000000000e+05-1.862645149230e-09-2.694936498120e+00-5.587935447690e-09
     9.535936907420e-01 1.680312500000e+02 1.840730755290e+00-8.139267604600e-09
     4.657336853920e-10 1.000000000000e+00 1.969000000000e+03 0.000000000000e+00
     2.900000000000e+00 0.000000000000e+00 9.313225746160e-10 1.520000000000e+02
     3.312000000000e+05 4.000000000000e+00
G10 2017 10 04 22 00 00 8.105579763650e-05 9.094947017730e-12 0.000000000000e+00
     1.490000000000e+02-8.071875000000e+01 4.460185998310e-09-2.329914926790e+00
    -4.248693585400e-06 2.818008419130e-03 1.087971031670e-05 5.153674703600e+03
     3.384000000000e+05-2.793967723850e-08 2.549815963850e+00-4.284083843230e-08
     9.605906596800e-01 1.725937500000e+02-2.867201287170e+00-7.974260363140e-09
    -3.285851035710e-10 1.000000000000e+00 1.969000000000e+03 0.000000000000e+00
     2.000000000000e+00 0.000000000000e+00 1.862645149230e-09 1.490000000000e+02
     3.372300000000e+05 0.000000000000e+00
G12 2017 10 04 22 00 00 3.704191185530e-04-1.364242052660e-12 0.000000000000e+00
     6.500000000000e+01-7.356250000000e+01 3.652652180720e-09-1.561908492350e+00
    -3.816559910770e-06 6.533264298920e-03 1.215003430840e-05 5.153715065000e+03
     3.384000000000e+05 1.937150955200e-07-5.287205888200e-01-7.264316082000e-08
     9.885987471060e-01 1.609062500000e+02 9.113672552700e-01-7.573172311480e-09
    -5.410939474260e-10 1.000000000000e+00 1.969000000000e+03 0.000000000000e+00
     2.000000000000e+00 0.000000000000e+00-1.257285475730e-08 6.500000000000e+01
     3.312300000000e+05 0.000000000000e+00
G14 2017 10 04 22 00 00-8.540274575350e-05-9.094947017730e-13 0.000000000000e+00
     1.520000000000e+02 7.775000000000e+01 4.528760069610e-09 1.564203243210e+00
     3.976747393610e-06 9.327314794060e-03 9.737908840180e-06 5.153705595020e+03
     3.384000000000e+05-2.589076757430e-07-2.607111652210e+00-1.620501279830e-07
     9.620011336090e-01 1.944687500000e+02-1.948469610130e+00-8.127481399370e-09
     4.800199947590e-10 1.000000000000e+00 1.969000000000e+03 0.000000000000e+00
     2.800000000000e+00 0.000000000000e+00-9.778887033460e-09 1.520000000000e+02
     3.382800000000e+05 4.000000000000e+00
G15 2017 10 04 22 00 00-3.563747741280e-04-3.410605131650e-13 0.000000000000e+00
     6.400000000000e+01 7.609375000000e+01 5.269148228850e-09 1.038937260820e+00
     4.278495907780e-06 9.676988003780e-03 1.158751547340e-05 5.153632331850e+03
     3.384000000000e+05 3.725290298460e-08-2.759764112370e+00 1.229345798490e-07
     9.292213511930e-01 1.383750000000e+02 6.112269536330e-01-8.543570295670e-09
     3.267993375910e-10 1.000000000000e+00 1.969000000000e+03 0.000000000000e+00
     2.000000000000e+00 0.000000000000e+00-1.071020960810e-08 6.400000000000e+01
     3.312300000000e+05 0.000000000000e+00
G16 2017 10 04 22 00 00 3.697816282510e-05 0.000000000000e+00 0.000000000000e+00
     4.000000000000e+00-6.034375000000e+01 3.576934707970e-09 2.503154718710e+00
    -3.229826688770e-06 9.311823174360e-03 1.159124076370e-05 5.153777805330e+03
     3.384000000000e+05-7.078051567080e-08-5.098516139610e-01-5.960464477540e-08
     9.890712316100e-01 1.724687500000e+02 4.581670795610e-01-7.505669784130e-09
    -4.396611707950e-10 1.000000000000e+00 1.969000000000e+03 0.000000000000e+00
     2.000000000000e+00 0.000000000000e+00-1.071020960810e-08 4.000000000000e+00
     3.312000000000e+05 4.000000000000e+00
G17 2017 10 04 22 00 00-1.529366709290e-04 2.160049916710e-12 0.000000000000e+00
     5.100000000000e+01 8.859375000000e+01 3.880518782040e-09 1.877907823680e+00
     4.511326551440e-06 1.190551789480e-02 1.054257154470e-05 5.153696182250e+03
     3.384000000000e+05 2.980232238770e-08 5.060168521700e-01-2.980232238770e-07
     9.812087418200e-01 1.830625000000e+02-1.841984525820e+00-7.768537876500e-09
     6.257403503120e-10 1.000000000000e+00 1.969000000000e+03 0.000000000000e+00
     2.900000000000e+00 0.000000000000e+00-1.117587089540e-08 5.100000000000e+01
     3.312000000000e+05 4.000000000000e+00
G18 2017 10 04 22 00 00 6.308029405770e-04 5.684341886080e-13 0.000000000000e+00
     5.900000000000e+01-9.681250000000e+01 5.162000604740e-09-2.922549278580e+00
    -5.045905709270e-06 1.813320664220e-02 9.872019290920e-06 5.153638084410e+03
     3.384000000000e+05 2.793967723850e-07 2.503023478710e+00-7.264316082000e-08
     9.262003946380e-01 1.657187500000e+02-1.780196688570e+00-8.111766369720e-09
    -3.410856319610e-10 1.000000000000e+00 1.969000000000e+03 0.000000000000e+00
     2.000000000000e+00 0.000000000000e+00-1.117587089540e-08 5.900000000000e+01
     3.312300000000e+05 0.000000000000e+00
G19 2017 10 04 22 00 00-4.828991368410e-04 1.932676241270e-12 0.000000000000e+00
     4.500000000000e+01 9.762500000000e+01 4.014095774630e-09-1.423701798160e+00
     5.288049578670e-06 9.977388079280e-03 9.559094905850e-06 5.153682827000e+03
     3.384000000000e+05 2.328306436540e-07 5.535235778050e-01 1.247972249990e-07
     9.785207337160e-01 1.996875000000e+02 1.077714312480e+00-7.881756878240e-09
     6.368122400720e-10 1.000000000000e+00 1.969000000000e+03 0.000000000000e+00
     2.000000000000e+00 0.000000000000e+00-1.536682248120e-08 4.500000000000e+01
     3.312000000000e+05 4.000000000000e+00
G20 2017 10 04 22 00 00 4.886994138360e-04 1.250555214940e-12 0.000000000000e+00
     4.900000000000e+01-1.046875000000e+02 5.327007723820e-09 8.788829296420e-01
    -5.386769771580e-06 4.590079537590e-03 9.894371032710e-06 5.153749031070e+03
     3.384000000000e+05-3.166496753690e-08 2.451869872390e+00-7.823109626770e-08
     9.275437381830e-01 1.734375000000e+02 1.681549631130e+00-8.559284836450e-09
    -4.657336738490e-10 1.000000000000e+00 1.969000000000e+03 0.000000000000e+00
     2.000000000000e+00 0.000000000000e+00-8.381903171540e-09 4.900000000000e+01
     3.312300000000e+05 0.000000000000e+00
G21 2017 10 04 22 00 00-4.739183932540e-04 3.183231456210e-12 0.000000000000e+00
     6.100000000000e+01 8.000000000000e+00 5.270576863840e-09-2.022362402530e+00
     8.065253496170e-07 2.400321152530e-02 1.206994056700e-06 5.153589181900e+03
     3.384000000000e+05 4.004687070850e-07 1.462797177860e+00 2.179294824600e-07
     9.407009088600e-01 3.367187500000e+02-1.636274148150e+00-8.424994035750e-09
     2.146517963380e-10 1.000000000000e+00 1.969000000000e+03 0.000000000000e+00
     2.000000000000e+00 0.000000000000e+00-9.778887033460e-09 6.100000000000e+01
     3.312300000000e+05 0.000000000000e+00
G22 2017 10 04 22 00 00-1.439559273420e-04-1.273292582480e-11 0.000000000000e+00
     5.900000000000e+01-8.259375000000e+01 5.438083761080e-09 1.231740691170e+00
    -4.338100552560e-06 7.216293481180e-03 1.026317477230e-05 5.153714662550e+03
     3.384000000000e+05-1.303851604460e-07 2.502640780810e+00-1.043081283570e-07
     9.242901513200e-01 1.663750000000e+02-1.672998441930e+00-8.557499597830e-09
    -3.575148788130e-10 1.000000000000e+00 1.969000000000e+03 0.000000000000e+00
     2.000000000000e+00 0.000000000000e+00-1.769512891770e-08 5.900000000000e+01
     3.312000000000e+05 0.000000000000e+00
G23 2017 10 04 22 00 00-2.178740687670e-04-2.273736754430e-13 0.000000000000e+00
     6.400000000000e+01 8.293750000000e+01 4.993065124060e-09 5.001663604280e-01
     4.490837454800e-06 1.186939235780e-02 1.018121838570e-05 5.153676633830e+03
     3.384000000000e+05-7.823109626770e-08-2.694342963000e+00 1.881271600720e-07
     9.444410417950e-01 1.746250000000e+02-2.420103874650e+00-8.448923360140e-09
     3.660866775510e-10 1.000000000000e+00 1.969000000000e+03 0.000000000000e+00
     2.000000000000e+00 0.000000000000e+00-2.048909664150e-08 6.400000000000e+01
     3.312000000000e+05 4.000000000000e+00
G24 2017 10 04 22 00 00-4.046782851220e-05-4.547473508860e-13 0.000000000000e+00
     5.300000000000e+01 4.343750000000e+00 5.597733387930e-09-2.449458244620e-02
     1.527369022370e-07 6.007330724970e-03 2.093613147740e-06 5.153666038510e+03
     3.384000000000e+05-1.862645149230e-09-1.672013525020e+00 7.823109626770e-08
     9.436340786270e-01 3.259375000000e+02 4.685126431120e-01-8.939657902830e-09
    -1.275053118640e-10 1.000000000000e+00 1.969000000000e+03 0.000000000000e+00
     2.800000000000e+00 0.000000000000e+00 2.793967723850e-09 5.300000000000e+01
     3.312300000000e+05 0.000000000000e+00
G25 2017 10 04 22 00 00-4.672477953140e-04-6.366462912410e-12 0.000000000000e+00
     1.520000000000e+02-7.915625000000e+01 3.900876954790e-09-1.993153148180e+00
    -3.986060619350e-06 6.580288638360e-03 1.135468482970e-05 5.153749208450e+03
     3.384000000000e+05 1.117587089540e-08-5.855755643270e-01-1.620501279830e-07
     9.763713515690e-01 1.698750000000e+02 8.188862775800e-01-7.664604950720e-09
    -5.021637550230e-10 1.000000000000e+00 1.969000000000e+03 0.000000000000e+00
     2.000000000000e+00 0.000000000000e+00 5.587935447690e-09 1.520000000000e+02
     3.359700000000e+05 0.000000000000e+00
G26 2017 10 04 22 00 00-4.068375565110e-04 1.159605744760e-11 0.000000000000e+00
     5.900000000000e+01-6.987500000000e+01 4.385896975930e-09-2.549018456990e+00
    -3.617256879810e-06 1.962518086660e-03 1.057796180250e-05 5.153780452730e+03
     3.384000000000e+05-3.166496753690e-08-6.033005723590e-01 3.539025783540e-08
     9.580395134140e-01 1.754062500000e+02-3.628500289030e-02-8.023905656450e-09
    -4.607334771130e-10 1.000000000000e+00 1.969000000000e+03 0.000000000000e+00
     2.000000000000e+00 0.000000000000e+00 7.450580596920e-09 5.900000000000e+01
     3.312000000000e+05 4.000000000000e+00
G27 2017 10 04 22 00 00 3.332635387780e-04 4.547473508860e-12 0.000000000000e+00
     6.000000000000e+01 7.593750000000e+01 3.971594004260e-09 1.905046993360e+00
     3.928318619730e-06 4.954260773960e-03 1.035444438460e-05 5.153676973340e+03
     3.384000000000e+05-8.381903171540e-08 4.533242414030e-01 4.656612873080e-08
     9.760872631180e-01 1.871562500000e+02 3.905142311020e-01-7.862827518330e-09
     4.378753821240e-10 1.000000000000e+00 1.969000000000e+03 0.000000000000e+00
     2.000000000000e+00 0.000000000000e+00 1.396983861920e-09 6.000000000000e+01
     3.312000000000e+05 4.000000000000e+00
G28 2017 10 04 22 00 00 6.512990221380e-04 3.183231456210e-12 0.000000000000e+00
     2.500000000000e+01-6.506250000000e+01 3.469430229980e-09 2.785159609510e+00
    -3.285706043240e-06 1.988056895790e-02 1.269020140170e-05 5.153665336610e+03
     3.384000000000e+05 2.514570951460e-07-5.054060238920e-01-6.519258022310e-08
     9.878976172840e-01 1.428437500000e+02-1.562489651190e+00-7.227801066930e-09
    -5.371652322310e-10 1.000000000000e+00 1.969000000000e+03 0.000000000000e+00
     2.000000000000e+00 0.000000000000e+00-1.117587089540e-08 2.500000000000e+01
     3.312000000000e+05 4.000000000000e+00
G29 2017 10 04 22 00 00 5.551064386960e-04-4.547473508860e-12 0.000000000000e+00
     1.470000000000e+02 7.715625000000e+01 3.891590605320e-09-3.137804440390e+00
     4.092231392860e-06 4.757577553390e-04 1.010484993460e-05 5.153558347700e+03
     3.384000000000e+05 3.725290298460e-09 5.163017602120e-01-3.725290298460e-09
     9.823740965100e-01 1.948750000000e+02 9.250396042520e-01-7.772109178460e-09
     5.557374560540e-10 1.000000000000e+00 1.969000000000e+03 0.000000000000e+00
     2.000000000000e+00 0.000000000000e+00-1.024454832080e-08 1.470000000000e+02
     3.312300000000e+05 0.000000000000e+00
G30 2017 10 04 22 00 00 1.367027871310e-04-2.273736754430e-12 0.000000000000e+00
     4.700000000000e+01-1.646875000000e+01 5.386652901510e-09-9.721486546250e-01
    -9.313225746160e-07 3.046699799600e-03 2.600252628330e-06 5.153614326480e+03
     3.384000000000e+05 5.587935447690e-09-1.579230052450e+00-4.470348358150e-08
     9.462575427850e-01 3.213125000000e+02-3.052390613670e+00-8.742507162650e-09
    -1.882221323250e-10 1.000000000000e+00 1.969000000000e+03 0.000000000000e+00
     2.000000000000e+00 0.000000000000e+00 3.725290298460e-09 4.700000000000e+01
     3.312300000000e+05 0.000000000000e+00
G31 2017 10 04 22 00 00 1.709749922160e-04-2.501110429880e-12 0.000000000000e+00
     1.520000000000e+02-1.221875000000e+01 4.969135769530e-09-1.179791399320e+00
    -6.817281246180e-07 8.552834275180e-03 2.779066562650e-06 5.153786829000e+03
     3.384000000000e+05 2.048909664150e-08-1.604755377710e+00-1.005828380590e-07
     9.652797714800e-01 3.290937500000e+02-2.360197668960e-01-8.564642328680e-09
    -3.607293283530e-11 1.000000000000e+00 1.969000000000e+03 0.000000000000e+00
     2.000000000000e+00 0.000000000000e+00-1.350417733190e-08 1.520000000000e+02
     3.312000000000e+05 0.000000000000e+00
G32 2017 10 04 22 00 00-5.090618506070e-04-4.888534022030e-12 0.000000000000e+00
     1.500000000000e+02 7.618750000000e+01 4.530545716360e-09 2.475535130970e+00
     3.993511199950e-06 1.482875202780e-03 1.036375761030e-05 5.153598695760e+03
     3.384000000000e+05-8.568167686460e-08-2.691095982670e+00-6.332993507380e-08
     9.580442137700e-01 1.785625000000e+02-2.555738578920e+00-8.036049159440e-09
     4.496615857440e-10 1.000000000000e+00 1.969000000000e+03 0.000000000000e+00
     4.000000000000e+00 0.000000000000e+00 9.313225746160e-10 1.500000000000e+02
     3.378000000000e+05 0.000000000000e+00
