      3.02          NAVIGATION          G: GPS              RINEX VERSION / TYPE
StudioView          Spectracom          20171215 103815 UTC PGM / RUN BY / DATE
                                                            COMMENT
GPUT  0.0000000000e+00 0.000000000e+00      0    0        0 TIME SYSTEM CORR
GPSA   1.0245E-08  7.4506E-09 -5.9605E-08 -5.9605E-08       IONOSPHERIC CORR    
GPSB   8.8064E+04  0.0000E+00 -1.9661E+05 -6.5536E+04       IONOSPHERIC CORR    
    18     0     0     0                                    LEAP SECONDS
                                                            END OF HEADER
G04 2017 10 04 00 00 00 3.899727016690e-05 7.958078640510e-12 0.000000000000e+00
     1.430000000000e+02 8.721875000000e+01 4.340537943690e-09 1.854671186790e+00
     4.455447196960e-06 1.238152047150e-02 9.875744581220e-06 5.153667907720e+03
     2.592000000000e+05-1.098960638050e-07 3.640398977120e-01-1.266598701480e-07
     9.573448935770e-01 1.862187500000e+02 4.425939991540e-01-7.879256774100e-09
     4.471614832140e-10 1.000000000000e+00 1.969000000000e+03 0.000000000000e+00
     2.000000000000e+00 0.000000000000e+00-5.587935447690e-09 1.430000000000e+02
     2.582700000000e+05 4.000000000000e+00
G08 2017 10 04 00 00 00-7.573561742900e-05-1.364242052660e-12 0.000000000000e+00
     1.530000000000e+02 8.893750000000e+01 4.240176620380e-09-2.615567003650e+00
     4.651024937630e-06 2.664477098730e-03 8.393079042440e-06 5.153700542450e+03
     2.592000000000e+05-1.303851604460e-08 4.473532973750e-01 1.303851604460e-08
     9.679047482950e-01 2.211875000000e+02-6.288339202680e-01-7.987832725290e-09
     4.421612749350e-10 1.000000000000e+00 1.969000000000e+03 0.000000000000e+00
     2.000000000000e+00 0.000000000000e+00 5.587935447690e-09 1.530000000000e+02
     2.582700000000e+05 4.000000000000e+00
G10 2017 10 04 00 00 00 8.033495396380e-05 9.094947017730e-12 0.000000000000e+00
     5.100000000000e+01-7.812500000000e+01 4.282321164340e-09-1.608631585230e+00
    -4.095956683160e-06 2.815182902850e-03 1.194141805170e-05 5.153678541180e+03
     2.592000000000e+05 2.980232238770e-08 2.550445789580e+00-7.264316082000e-08
     9.606211147080e-01 1.475312500000e+02-2.866024438340e+00-7.902829501920e-09
    -1.953652795090e-10 1.000000000000e+00 1.969000000000e+03 0.000000000000e+00
     2.000000000000e+00 0.000000000000e+00 1.862645149230e-09 5.100000000000e+01
     2.592000000000e+05 0.000000000000e+00
G11 2017 10 04 00 00 00-7.193041965370e-04-2.273736754430e-12 0.000000000000e+00
     4.500000000000e+01 3.468750000000e+01 6.285618964120e-09 7.866906193360e-02
     1.771375536920e-06 1.706758304500e-02 2.678483724590e-06 5.153727685930e+03
     2.592000000000e+05-2.477318048480e-07 1.099770642040e+00-1.136213541030e-07
     9.021299765120e-01 2.981562500000e+02 1.702823322940e+00-9.479680581030e-09
     2.246522148090e-10 1.000000000000e+00 1.969000000000e+03 0.000000000000e+00
     2.000000000000e+00 0.000000000000e+00-1.210719347000e-08 4.500000000000e+01
     2.582700000000e+05 4.000000000000e+00
G16 2017 10 04 00 00 00 3.698235377670e-05 0.000000000000e+00 0.000000000000e+00
     1.510000000000e+02-3.568750000000e+01 3.612293323660e-09 2.900709341830e+00
    -1.844018697740e-06 9.312510606830e-03 1.241452991960e-05 5.153774417880e+03
     2.592000000000e+05-9.313225746160e-09-5.092500708240e-01-1.024454832080e-07
     9.891004431580e-01 1.550000000000e+02 4.583610698130e-01-7.467096748840e-09
    -3.010839699270e-10 1.000000000000e+00 1.969000000000e+03 0.000000000000e+00
     2.000000000000e+00 0.000000000000e+00-1.071020960810e-08 1.510000000000e+02
     2.523000000000e+05 4.000000000000e+00
G27 2017 10 04 00 00 00 3.328998573120e-04 4.547473508860e-12 0.000000000000e+00
     1.450000000000e+02 9.000000000000e+01 4.049097232580e-09-3.111652807220e+00
     4.675239324570e-06 4.953031893820e-03 8.931383490560e-06 5.153672712330e+03
     2.592000000000e+05-5.960464477540e-08 4.539517805940e-01-5.960464477540e-08
     9.760486025820e-01 2.149375000000e+02 3.907620567400e-01-7.867827726610e-09
     4.782342060890e-10 1.000000000000e+00 1.969000000000e+03 0.000000000000e+00
     2.000000000000e+00 0.000000000000e+00 1.396983861920e-09 1.450000000000e+02
     2.582700000000e+05 4.000000000000e+00
G01 2017 10 04 02 00 00-3.256835043430e-06-1.364242052660e-12 0.000000000000e+00
     4.700000000000e+01-2.553125000000e+01 4.745911972000e-09 3.106317907290e+00
    -1.426786184310e-06 7.056858041320e-03 2.598389983180e-06 5.153673934940e+03
     2.664000000000e+05-7.078051567080e-08 1.511100554560e+00 3.539025783540e-08
     9.682794923160e-01 3.341250000000e+02 6.299218207610e-01-8.468924193260e-09
    -1.514348792990e-10 1.000000000000e+00 1.969000000000e+03 0.000000000000e+00
     2.000000000000e+00 0.000000000000e+00 5.587935447690e-09 4.700000000000e+01
     2.592000000000e+05 4.000000000000e+00
G04 2017 10 04 02 00 00 3.905501216650e-05 7.958078640510e-12 0.000000000000e+00
     1.440000000000e+02 9.125000000000e+01 4.393040130610e-09 2.904880654200e+00
     4.723668098450e-06 1.238100626510e-02 1.003034412860e-05 5.153669036860e+03
     2.664000000000e+05 5.401670932770e-08 3.639822148520e-01-1.676380634310e-07
     9.573481895320e-01 1.842500000000e+02 4.425679284910e-01-7.966046103510e-09
     5.503800683960e-10 1.000000000000e+00 1.969000000000e+03 0.000000000000e+00
     2.000000000000e+00 0.000000000000e+00-5.587935447690e-09 1.440000000000e+02
     2.592000000000e+05 4.000000000000e+00
G08 2017 10 04 02 00 00-7.574539631610e-05-1.364242052660e-12 0.000000000000e+00
     1.540000000000e+02 8.715625000000e+01 4.302322066130e-09-1.565835399890e+00
     4.567205905910e-06 2.665840787810e-03 9.119510650630e-06 5.153697193150e+03
     2.664000000000e+05-5.401670932770e-08 4.472955662390e-01-1.862645149230e-09
     9.679077341110e-01 2.083750000000e+02-6.284015782370e-01-8.034263230740e-09
     4.471614832140e-10 1.000000000000e+00 1.969000000000e+03 0.000000000000e+00
     2.000000000000e+00 0.000000000000e+00 5.587935447690e-09 1.540000000000e+02
     2.592000000000e+05 4.000000000000e+00
G10 2017 10 04 02 00 00 8.040061220530e-05 9.094947017730e-12 0.000000000000e+00
     5.200000000000e+01-7.937500000000e+01 4.305536371870e-09-5.584231272360e-01
    -4.051253199580e-06 2.814735169520e-03 1.228414475920e-05 5.153678081510e+03
     2.664000000000e+05 6.332993507380e-08 2.550388885000e+00 2.607703208920e-08
     9.606192070630e-01 1.416250000000e+02-2.866057100910e+00-7.982118077620e-09
    -2.417957778440e-10 1.000000000000e+00 1.969000000000e+03 0.000000000000e+00
     2.000000000000e+00 0.000000000000e+00 1.862645149230e-09 5.200000000000e+01
     2.592300000000e+05 0.000000000000e+00
G11 2017 10 04 02 00 00-7.193200290200e-04-2.273736754430e-12 0.000000000000e+00
     4.600000000000e+01 4.521875000000e+01 6.359550615100e-09 1.128880697380e+00
     1.957640051840e-06 1.706634520090e-02 2.585351467130e-06 5.153724792480e+03
     2.664000000000e+05-1.285225152970e-07 1.099702259400e+00-3.259629011150e-07
     9.021317276250e-01 2.991250000000e+02 1.702773728550e+00-9.385390939200e-09
     2.207234797330e-10 1.000000000000e+00 1.969000000000e+03 0.000000000000e+00
     2.000000000000e+00 0.000000000000e+00-1.210719347000e-08 4.600000000000e+01
     2.592000000000e+05 4.000000000000e+00
G16 2017 10 04 02 00 00 3.698188811540e-05 0.000000000000e+00 0.000000000000e+00
     1.520000000000e+02-3.681250000000e+01 3.593364050760e-09-2.332236756820e+00
    -1.914799213410e-06 9.312015259640e-03 1.289322972300e-05 5.153776819230e+03
     2.664000000000e+05 9.313225746150e-08-5.093036136260e-01-1.639127731320e-07
     9.890981566170e-01 1.457812500000e+02 4.582337301080e-01-7.496741005750e-09
    -3.596578312950e-10 1.000000000000e+00 1.969000000000e+03 0.000000000000e+00
     2.000000000000e+00 0.000000000000e+00-1.071020960810e-08 1.520000000000e+02
     2.663100000000e+05 0.000000000000e+00
G27 2017 10 04 02 00 00 3.329329192640e-04 4.547473508860e-12 0.000000000000e+00
     1.460000000000e+02 9.268750000000e+01 4.065169330620e-09-2.061397092590e+00
     4.878267645840e-06 4.952891846190e-03 9.173527359960e-06 5.153673173900e+03
     2.664000000000e+05 0.000000000000e+00 4.538950120580e-01-6.891787052160e-08
     9.760520594570e-01 2.105000000000e+02 3.906848175910e-01-7.881756878240e-09
     5.021637742800e-10 1.000000000000e+00 1.969000000000e+03 0.000000000000e+00
     2.000000000000e+00 0.000000000000e+00 1.396983861920e-09 1.460000000000e+02
     2.592000000000e+05 4.000000000000e+00
G01 2017 10 04 04 00 00-3.266613930460e-06-1.364242052660e-12 0.000000000000e+00
     4.800000000000e+01-2.625000000000e+01 4.695552731480e-09-2.126707405450e+00
    -1.451000571250e-06 7.056730450130e-03 2.510845661160e-06 5.153674301150e+03
     2.736000000000e+05-1.676380634310e-08 1.511039739590e+00-3.352761268620e-08
     9.682788544840e-01 3.355312500000e+02 6.299439825070e-01-8.386777914390e-09
    -1.303625729820e-10 1.000000000000e+00 1.969000000000e+03 0.000000000000e+00
     2.000000000000e+00 0.000000000000e+00 5.587935447690e-09 4.800000000000e+01
     2.664000000000e+05 4.000000000000e+00
G04 2017 10 04 04 00 00 3.911228850480e-05 7.958078640510e-12 0.000000000000e+00
     1.450000000000e+02 9.406250000000e+01 4.511973656100e-09-2.328176349740e+00
     4.850327968600e-06 1.238110032860e-02 9.875744581220e-06 5.153667747500e+03
     2.736000000000e+05 3.408640623090e-07 3.639255823670e-01-8.754432201390e-08
     9.573513567500e-01 1.886250000000e+02 4.426226942920e-01-8.112480774530e-09
     3.803729869190e-10 1.000000000000e+00 1.969000000000e+03 0.000000000000e+00
     2.000000000000e+00 0.000000000000e+00-5.587935447690e-09 1.450000000000e+02
     2.669160000000e+05 4.000000000000e+00
G08 2017 10 04 04 00 00-7.575517520310e-05-1.364242052660e-12 0.000000000000e+00
     1.550000000000e+02 9.328125000000e+01 4.286250021580e-09-5.151797161420e-01
     4.924833774570e-06 2.666235319340e-03 9.564682841300e-06 5.153699775700e+03
     2.736000000000e+05-3.166496753690e-08 4.472376566260e-01-5.401670932770e-08
     9.679109642340e-01 2.006875000000e+02-6.288930777500e-01-8.047121191620e-09
     4.382325335950e-10 1.000000000000e+00 1.969000000000e+03 0.000000000000e+00
     2.000000000000e+00 0.000000000000e+00 5.587935447690e-09 1.550000000000e+02
     2.664000000000e+05 0.000000000000e+00
G10 2017 10 04 04 00 00 8.046627044680e-05 9.094947017730e-12 0.000000000000e+00
     5.300000000000e+01-6.981250000000e+01 4.222675986650e-09 4.915682029920e-01
    -3.624707460400e-06 2.815930289220e-03 1.222826540470e-05 5.153680513380e+03
     2.736000000000e+05 0.000000000000e+00 2.550331760970e+00 8.940696716310e-08
     9.606175393360e-01 1.435000000000e+02-2.865872638640e+00-7.934259471650e-09
    -2.814402877420e-10 1.000000000000e+00 1.969000000000e+03 0.000000000000e+00
     2.000000000000e+00 0.000000000000e+00 1.862645149230e-09 5.300000000000e+01
     2.664300000000e+05 0.000000000000e+00
G11 2017 10 04 04 00 00-7.193358615040e-04-2.273736754430e-12 0.000000000000e+00
     4.700000000000e+01 5.543750000000e+01 6.116326198110e-09 2.178910367770e+00
     2.691522240640e-06 1.706593378910e-02 1.532956957820e-06 5.153729063030e+03
     2.736000000000e+05 2.179294824600e-07 1.099637125900e+00-3.539025783540e-08
     9.021350016350e-01 3.121250000000e+02 1.702904532440e+00-8.925014619830e-09
     1.392915163370e-10 1.000000000000e+00 1.969000000000e+03 0.000000000000e+00
     2.000000000000e+00 0.000000000000e+00-1.210719347000e-08 4.700000000000e+01
     2.664000000000e+05 4.000000000000e+00
G16 2017 10 04 04 00 00 3.698142245410e-05 0.000000000000e+00 0.000000000000e+00
     1.530000000000e+02-3.418750000000e+01 3.735512787980e-09-1.282158249837e+00
    -1.819804310800e-06 9.311865083870e-03 1.288577914240e-05 5.153776176450e+03
     2.736000000000e+05 9.499490261080e-08-5.093576421160e-01 9.313225746150e-08
     9.890942623290e-01 1.452187500000e+02 4.582667964460e-01-7.717464001190e-09
    -4.639479078690e-10 1.000000000000e+00 1.969000000000e+03 0.000000000000e+00
     2.000000000000e+00 0.000000000000e+00-1.071020960810e-08 1.530000000000e+02
     2.664300000000e+05 0.000000000000e+00
G27 2017 10 04 04 00 00 3.329659812150e-04 4.547473508860e-12 0.000000000000e+00
     1.470000000000e+02 9.534375000000e+01 4.118028584800e-09-1.011197862680e+00
     4.952773451810e-06 4.952649003830e-03 9.417533874510e-06 5.153673477170e+03
     2.736000000000e+05 1.080334186550e-07 4.538385741410e-01-1.117587089540e-07
     9.760554446500e-01 2.085000000000e+02 3.906631137380e-01-7.917472899520e-09
     4.307322276630e-10 1.000000000000e+00 1.969000000000e+03 0.000000000000e+00
     2.000000000000e+00 0.000000000000e+00 1.396983861920e-09 1.470000000000e+02
     2.702700000000e+05 0.000000000000e+00
G01 2017 10 04 06 00 00-3.276392817500e-06-1.364242052660e-12 0.000000000000e+00
     4.900000000000e+01-3.187500000000e+01 4.761626912300e-09-1.076528208750e+00
    -1.551583409310e-06 7.057494949550e-03 2.574175596240e-06 5.153672895430e+03
     2.808000000000e+05-7.450580596920e-09 1.510979370810e+00-2.793967723850e-08
     9.682779240680e-01 3.340937500000e+02 6.299474042720e-01-8.384634967990e-09
    -1.282196265760e-10 1.000000000000e+00 1.969000000000e+03 0.000000000000e+00
     2.000000000000e+00 0.000000000000e+00 5.587935447690e-09 4.900000000000e+01
     2.736000000000e+05 4.000000000000e+00
G04 2017 10 04 06 00 00 3.917003050450e-05 7.958078640510e-12 0.000000000000e+00
     1.460000000000e+02 9.009375000000e+01 4.673408951960e-09-1.277942900713e+00
     4.692003130910e-06 1.238173770250e-02 9.408220648770e-06 5.153669370650e+03
     2.808000000000e+05 1.508742570880e-07 3.638664336630e-01 1.378357410430e-07
     9.573527333550e-01 1.942187500000e+02 4.425733983410e-01-8.368205712210e-09
     3.228705917130e-10 1.000000000000e+00 1.969000000000e+03 0.000000000000e+00
     2.000000000000e+00 0.000000000000e+00-5.587935447690e-09 1.460000000000e+02
     2.755500000000e+05 4.000000000000e+00
G08 2017 10 04 06 00 00-7.576495409010e-05-1.364242052660e-12 0.000000000000e+00
     1.560000000000e+02 9.375000000000e+01 4.369110406800e-09 5.349531484840e-01
     4.744157195090e-06 2.666176762430e-03 9.519979357720e-06 5.153699640270e+03
     2.808000000000e+05 5.401670932770e-08 4.471798757510e-01-1.676380634310e-08
     9.679137232970e-01 2.017812500000e+02-6.288624515600e-01-8.101766368900e-09
     3.807301418580e-10 1.000000000000e+00 1.969000000000e+03 0.000000000000e+00
     2.000000000000e+00 0.000000000000e+00 5.587935447690e-09 1.560000000000e+02
     2.749200000000e+05 0.000000000000e+00
G10 2017 10 04 06 00 00 8.053192868830e-05 9.094947017730e-12 0.000000000000e+00
     5.400000000000e+01-6.553125000000e+01 4.269106401720e-09 1.542521979710e+00
    -3.404915332790e-06 2.815607935190e-03 1.137889921670e-05 5.153676359180e+03
     2.808000000000e+05-3.352761268620e-08 2.550274945620e+00 2.607703208920e-08
     9.606152864430e-01 1.590937500000e+02-2.866650852540e+00-7.924615630370e-09
    -3.328710085350e-10 1.000000000000e+00 1.969000000000e+03 0.000000000000e+00
     2.000000000000e+00 0.000000000000e+00 1.862645149230e-09 5.400000000000e+01
     0.000000000000e+00 0.000000000000e+00
G11 2017 10 04 06 00 00-7.193521596490e-04-2.273736754430e-12 0.000000000000e+00
     4.800000000000e+01 5.671875000000e+01 6.213830339160e-09-3.054121175540e+00
     3.026798367500e-06 1.706612599080e-02 1.698732376100e-06 5.153728837970e+03
     2.808000000000e+05 2.067536115650e-07 1.099572612680e+00 8.195638656620e-08
     9.021360871200e-01 3.145937500000e+02 1.702909772620e+00-8.919657013000e-09
     2.000083293430e-10 1.000000000000e+00 1.969000000000e+03 0.000000000000e+00
     2.000000000000e+00 0.000000000000e+00-1.210719347000e-08 4.800000000000e+01
     2.736000000000e+05 0.000000000000e+00
G16 2017 10 04 06 00 00 3.698095679280e-05 0.000000000000e+00 0.000000000000e+00
     1.540000000000e+02-3.146875000000e+01 3.777657298090e-09-2.320272255620e-01
    -1.454725861550e-06 9.312533657070e-03 1.254677772520e-05 5.153777399060e+03
     2.808000000000e+05 3.352761268620e-08-5.094132461690e-01 9.313225746150e-08
     9.890908698220e-01 1.505625000000e+02 4.582478355650e-01-7.722464445690e-09
    -4.782342299950e-10 1.000000000000e+00 1.969000000000e+03 0.000000000000e+00
     2.000000000000e+00 0.000000000000e+00-1.071020960810e-08 1.540000000000e+02
     2.736300000000e+05 0.000000000000e+00
G27 2017 10 04 06 00 00 3.329990431670e-04 4.547473508860e-12 0.000000000000e+00
     1.480000000000e+02 9.246875000000e+01 4.229819161590e-09 3.908373682500e-02
     4.684552550320e-06 4.953356343320e-03 8.931383490560e-06 5.153675115580e+03
     2.808000000000e+05 9.126961231230e-08 4.537813915990e-01 6.146728992460e-08
     9.760576609710e-01 2.142500000000e+02 3.905594733070e-01-8.064621859210e-09
     3.682296134680e-10 1.000000000000e+00 1.969000000000e+03 0.000000000000e+00
     2.000000000000e+00 0.000000000000e+00 1.396983861920e-09 1.480000000000e+02
     2.736300000000e+05 0.000000000000e+00
G01 2017 10 04 08 00 00-3.286171704530e-06-1.364242052660e-12 0.000000000000e+00
     5.000000000000e+01-3.168750000000e+01 4.783770712890e-09-2.629218792000e-02
    -1.579523086550e-06 7.057195412930e-03 2.803280949590e-06 5.153673748020e+03
     2.880000000000e+05 1.080334186550e-07 1.510919356060e+00-6.332993507380e-08
     9.682766688840e-01 3.300937500000e+02 6.298938439150e-01-8.428922448900e-09
    -2.103659052510e-10 1.000000000000e+00 1.969000000000e+03 0.000000000000e+00
     2.000000000000e+00 0.000000000000e+00 5.587935447690e-09 5.000000000000e+01
     2.842200000000e+05 0.000000000000e+00
G04 2017 10 04 08 00 00 3.922777250410e-05 7.958078640510e-12 0.000000000000e+00
     1.470000000000e+02 8.556250000000e+01 4.680909264370e-09-2.277620743200e-01
     4.686415195460e-06 1.238121802450e-02 9.603798389440e-06 5.153668567660e+03
     2.880000000000e+05-3.166496753690e-08 3.638073142180e-01 1.881271600720e-07
     9.573549335840e-01 1.910937500000e+02 4.425775091410e-01-8.263201338360e-09
     2.025084352890e-10 1.000000000000e+00 1.969000000000e+03 0.000000000000e+00
     2.000000000000e+00 0.000000000000e+00-5.587935447690e-09 1.470000000000e+02
     2.811600000000e+05 4.000000000000e+00
G08 2017 10 04 08 00 00-7.577473297720e-05-1.364242052660e-12 0.000000000000e+00
     1.570000000000e+02 9.178125000000e+01 4.423041488620e-09 1.585059035440e+00
     4.770234227180e-06 2.666625427080e-03 8.989125490190e-06 5.153700435640e+03
     2.880000000000e+05 8.381903171540e-08 4.471217232950e-01 7.450580596920e-09
     9.679166125610e-01 2.057500000000e+02-6.288047277380e-01-8.064264811480e-09
     3.739441534200e-10 1.000000000000e+00 1.969000000000e+03 0.000000000000e+00
     2.000000000000e+00 0.000000000000e+00 5.587935447690e-09 1.570000000000e+02
     2.808300000000e+05 0.000000000000e+00
G10 2017 10 04 08 00 00 8.059758692980e-05 9.094947017730e-12 0.000000000000e+00
     5.500000000000e+01-6.625000000000e+01 4.227318941940e-09 2.592653637430e+00
    -3.406777977940e-06 2.815100597220e-03 1.114048063750e-05 5.153677196500e+03
     2.880000000000e+05-3.725290298460e-08 2.550217893280e+00-1.117587089540e-08
     9.606130847510e-01 1.642812500000e+02-2.866605031020e+00-7.892471610270e-09
    -3.167989102320e-10 1.000000000000e+00 1.969000000000e+03 0.000000000000e+00
     2.000000000000e+00 0.000000000000e+00 1.862645149230e-09 5.500000000000e+01
     2.808000000000e+05 4.000000000000e+00
G11 2017 10 04 08 00 00-7.193679921330e-04-2.273736754430e-12 0.000000000000e+00
     4.900000000000e+01 5.203125000000e+01 6.208472846940e-09-2.003945409380e+00
     3.000721335410e-06 1.706553227270e-02 1.823529601100e-06 5.153730030060e+03
     2.880000000000e+05 1.937150955200e-07 1.099508590990e+00 2.775341272350e-07
     9.021372062530e-01 3.125937500000e+02 1.702892581870e+00-9.021804636690e-09
     1.678641392560e-10 1.000000000000e+00 1.969000000000e+03 0.000000000000e+00
     2.000000000000e+00 0.000000000000e+00-1.210719347000e-08 4.900000000000e+01
     2.816700000000e+05 0.000000000000e+00
G16 2017 10 04 08 00 00 3.698049113150e-05 0.000000000000e+00 0.000000000000e+00
     1.550000000000e+02-3.443750000000e+01 3.841588380740e-09 8.181892857900e-01
    -1.613050699230e-06 9.311834350230e-03 1.231394708160e-05 5.153775203710e+03
     2.880000000000e+05-1.098960638050e-07-5.094693066530e-01 1.955777406690e-07
     9.890877230850e-01 1.592500000000e+02 4.581451006790e-01-7.681034475130e-09
    -3.696582484560e-10 1.000000000000e+00 1.969000000000e+03 0.000000000000e+00
     2.000000000000e+00 0.000000000000e+00-1.071020960810e-08 1.550000000000e+02
     2.808300000000e+05 0.000000000000e+00
G27 2017 10 04 08 00 00 3.330321051180e-04 4.547473508860e-12 0.000000000000e+00
     1.490000000000e+02 8.637500000000e+01 4.303036593710e-09 1.089325446945e+00
     4.624947905540e-06 4.952575662170e-03 8.860602974890e-06 5.153673528670e+03
     2.880000000000e+05 2.980232238770e-08 4.537235712250e-01 8.754432201390e-08
     9.760603190930e-01 2.141250000000e+02 3.904963469290e-01-8.036049159440e-09
     3.360854372580e-10 1.000000000000e+00 1.969000000000e+03 0.000000000000e+00
     2.000000000000e+00 0.000000000000e+00 1.396983861920e-09 1.490000000000e+02
     2.808300000000e+05 0.000000000000e+00
G01 2017 10 04 10 00 00-3.295950591560e-06-1.364242052660e-12 0.000000000000e+00
     5.100000000000e+01-2.725000000000e+01 4.941634212940e-09 1.023810950216e+00
    -1.449137926100e-06 7.056954433210e-03 2.732500433920e-06 5.153672624590e+03
     2.952000000000e+05 1.490116119380e-08 1.510858372860e+00 6.705522537230e-08
     9.682743135860e-01 3.277187500000e+02 6.299744726450e-01-8.583572075340e-09
    -2.500104012700e-10 1.000000000000e+00 1.969000000000e+03 0.000000000000e+00
     2.000000000000e+00 0.000000000000e+00 5.587935447690e-09 5.100000000000e+01
     2.880300000000e+05 0.000000000000e+00
G04 2017 10 04 10 00 00 3.928504884240e-05 7.958078640510e-12 0.000000000000e+00
     1.480000000000e+02 7.709375000000e+01 4.573761944110e-09 8.222678623200e-01
     4.051253199580e-06 1.238145539540e-02 1.028738915920e-05 5.153672155380e+03
     2.952000000000e+05-3.762543201450e-07 3.637469117930e-01 6.891787052160e-08
     9.573575258750e-01 1.798437500000e+02 4.427318513870e-01-8.076407843380e-09
     4.218032840860e-10 1.000000000000e+00 1.969000000000e+03 0.000000000000e+00
     2.000000000000e+00 0.000000000000e+00-5.587935447690e-09 1.480000000000e+02
     2.880000000000e+05 4.000000000000e+00
G08 2017 10 04 10 00 00-7.578451186420e-05-1.364242052660e-12 0.000000000000e+00
     1.580000000000e+02 8.753125000000e+01 4.478400761340e-09 2.635358482550e+00
     4.701316356660e-06 2.666475367730e-03 9.158626198770e-06 5.153699869160e+03
     2.952000000000e+05 8.195638656620e-08 4.470635342650e-01 9.685754776000e-08
     9.679193540690e-01 2.051562500000e+02-6.289395136950e-01-8.058907319250e-09
     4.150172983050e-10 1.000000000000e+00 1.969000000000e+03 0.000000000000e+00
     2.000000000000e+00 0.000000000000e+00 5.587935447690e-09 1.580000000000e+02
     2.880300000000e+05 0.000000000000e+00
G10 2017 10 04 10 00 00 8.066324517130e-05 9.094947017730e-12 0.000000000000e+00
     5.600000000000e+01-7.628125000000e+01 4.234462096630e-09-2.640566641330e+00
    -3.945082426070e-06 2.816267544400e-03 1.121684908870e-05 5.153674783710e+03
     2.952000000000e+05-4.284083843230e-08 2.550161323700e+00 2.607703208920e-08
     9.606108859850e-01 1.635000000000e+02-2.866393064430e+00-7.857470152310e-09
    -3.350139546760e-10 1.000000000000e+00 1.969000000000e+03 0.000000000000e+00
     2.000000000000e+00 0.000000000000e+00 1.862645149230e-09 5.600000000000e+01
     2.880000000000e+05 4.000000000000e+00
G11 2017 10 04 10 00 00-7.193842902780e-04-2.273736754430e-12 0.000000000000e+00
     5.000000000000e+01 4.553125000000e+01 6.570273658470e-09-9.539386936390e-01
     2.617016434670e-06 1.706536067650e-02 2.875924110410e-06 5.153725019450e+03
     2.952000000000e+05-2.644956111910e-07 1.099441081710e+00 6.332993507380e-08
     9.021363972590e-01 2.949062500000e+02 1.703047749200e+00-9.542897139170e-09
     2.364384243950e-10 1.000000000000e+00 1.969000000000e+03 0.000000000000e+00
     2.000000000000e+00 0.000000000000e+00-1.210719347000e-08 5.000000000000e+01
     2.880300000000e+05 0.000000000000e+00
G16 2017 10 04 10 00 00 3.698049113150e-05-1.136868377220e-13 0.000000000000e+00
     1.560000000000e+02-4.378125000000e+01 3.708725992980e-09 1.868174925270e+00
    -2.212822437290e-06 9.311157860790e-03 1.205317676070e-05 5.153777725220e+03
     2.952000000000e+05-1.154839992520e-07-5.095245142560e-01-8.754432201390e-08
     9.890864781420e-01 1.631562500000e+02 4.582723847930e-01-7.451738781580e-09
    -2.575107349580e-10 1.000000000000e+00 1.969000000000e+03 0.000000000000e+00
     2.000000000000e+00 0.000000000000e+00-1.071020960810e-08 1.560000000000e+02
     2.880300000000e+05 0.000000000000e+00
G27 2017 10 04 10 00 00 3.330651670690e-04 4.547473508860e-12 0.000000000000e+00
     1.500000000000e+02 8.150000000000e+01 4.262320274510e-09 2.139231629490e+00
     4.330649971960e-06 4.952760413290e-03 9.406358003620e-06 5.153676094060e+03
     2.952000000000e+05-1.303851604460e-07 4.536652271260e-01 1.490116119380e-07
     9.760631249700e-01 2.055937500000e+02 3.907691870020e-01-7.981761029900e-09
     4.475186332620e-10 1.000000000000e+00 1.969000000000e+03 0.000000000000e+00
     2.000000000000e+00 0.000000000000e+00 1.396983861920e-09 1.500000000000e+02
     2.880300000000e+05 0.000000000000e+00
G01 2017 10 04 11 59 28-3.305729478600e-06-1.364242052660e-12 0.000000000000e+00
     5.300000000000e+01-1.718750000000e+01 4.958777832800e-09 2.069303189998e+00
    -7.580965757370e-07 7.058366667480e-03 2.706423401830e-06 5.153675308230e+03
     3.023680000000e+05 4.097819328310e-08 1.510796574810e+00 4.284083843230e-08
     9.682725288260e-01 3.284062500000e+02 6.299986605330e-01-8.611787727370e-09
    -2.257236897400e-10 1.000000000000e+00 1.969000000000e+03 0.000000000000e+00
     2.000000000000e+00 0.000000000000e+00 5.587935447690e-09 5.300000000000e+01
     3.021000000000e+05 0.000000000000e+00
G27 2017 10 04 11 59 44 3.330986946820e-04 4.547473508860e-12 0.000000000000e+00
     5.100000000000e+01 8.525000000000e+01 4.202317900550e-09-3.095936562730e+00
     4.487112164500e-06 4.954163450750e-03 1.004524528980e-05 5.153673069000e+03
     3.023840000000e+05-1.005828380590e-07 4.536081411370e-01-8.009374141690e-08
     9.760674742250e-01 1.939062500000e+02 3.905965304850e-01-7.794967548830e-09
     5.260933424710e-10 1.000000000000e+00 1.969000000000e+03 0.000000000000e+00
     2.000000000000e+00 0.000000000000e+00 1.396983861920e-09 5.100000000000e+01
     3.014100000000e+05 4.000000000000e+00
G01 2017 10 04 12 00 00-3.305729478600e-06-1.364242052660e-12 0.000000000000e+00
     5.200000000000e+01-1.718750000000e+01 4.958777981580e-09 2.073969954262e+00
    -7.580965757370e-07 7.058359216900e-03 2.706423401830e-06 5.153675317760e+03
     3.024000000000e+05 4.097819328310e-08 1.510796302710e+00 4.284083843230e-08
     9.682724981050e-01 3.284062500000e+02 6.299993012910e-01-8.611787286940e-09
    -2.257236880120e-10 1.000000000000e+00 1.969000000000e+03 0.000000000000e+00
     2.400000000000e+00 0.000000000000e+00 5.587935447690e-09 5.200000000000e+01
     2.952060000000e+05 4.000000000000e+00
G04 2017 10 04 12 00 00 3.934279084210e-05 7.958078640510e-12 0.000000000000e+00
     1.490000000000e+02 7.918750000000e+01 4.492329980720e-09 1.872535403180e+00
     4.060566425320e-06 1.238331804050e-02 1.106597483160e-05 5.153668176650e+03
     3.024000000000e+05-1.620501279830e-07 3.636895390720e-01-1.583248376850e-07
     9.573619541280e-01 1.646250000000e+02 4.426476004720e-01-7.824968798500e-09
     4.785913638230e-10 0.000000000000e+00 1.969000000000e+03 0.000000000000e+00
     2.000000000000e+00 0.000000000000e+00-5.587935447690e-09 1.490000000000e+02
     2.952000000000e+05 4.000000000000e+00
G08 2017 10 04 12 00 00-7.579429075120e-05-1.364242052660e-12 0.000000000000e+00
     1.590000000000e+02 8.321875000000e+01 4.399826281090e-09-2.597818186620e+00
     4.453584551810e-06 2.665866399180e-03 9.434297680860e-06 5.153701158520e+03
     3.024000000000e+05-8.381903171540e-08 4.470051799260e-01 5.587935447690e-09
     9.679231752110e-01 2.005625000000e+02-6.287840918160e-01-7.941402202500e-09
     5.318078755150e-10 1.000000000000e+00 1.969000000000e+03 0.000000000000e+00
     2.000000000000e+00 0.000000000000e+00 5.587935447690e-09 1.590000000000e+02
     2.952300000000e+05 0.000000000000e+00
G10 2017 10 04 12 00 00 8.072843775150e-05 9.094947017730e-12 0.000000000000e+00
     5.700000000000e+01-8.315625000000e+01 4.250891352400e-09-1.589959582050e+00
    -4.313886165620e-06 2.816407242790e-03 1.177377998830e-05 5.153676923750e+03
     3.024000000000e+05 2.048909664150e-08 2.550105583600e+00-1.695007085800e-07
     9.606079206500e-01 1.556562500000e+02-2.866822487940e+00-7.877113827690e-09
    -5.007351433430e-10 1.000000000000e+00 1.969000000000e+03 0.000000000000e+00
     2.000000000000e+00 0.000000000000e+00 1.862645149230e-09 5.700000000000e+01
     2.952000000000e+05 4.000000000000e+00
G11 2017 10 04 12 00 00-7.194001227620e-04-2.273736754430e-12 0.000000000000e+00
     5.100000000000e+01 4.800000000000e+01 6.544558228680e-09 9.624258333560e-02
     2.633780241010e-06 1.706631027630e-02 3.177672624590e-06 5.153726917270e+03
     3.024000000000e+05-1.769512891770e-07 1.099371952980e+00-4.284083843230e-08
     9.021382054260e-01 2.880625000000e+02 1.703030378510e+00-9.591113681040e-09
     2.464388415560e-10 1.000000000000e+00 1.969000000000e+03 0.000000000000e+00
     2.000000000000e+00 0.000000000000e+00-1.210719347000e-08 5.100000000000e+01
     2.952300000000e+05 0.000000000000e+00
G16 2017 10 04 12 00 00 3.698002547030e-05-1.136868377220e-13 0.000000000000e+00
     1.570000000000e+02-5.446875000000e+01 3.719083485620e-09 2.918266705310e+00
    -3.028661012650e-06 9.312766371300e-03 1.234188675880e-05 5.153774707790e+03
     3.024000000000e+05-3.352761268620e-08-5.095785720040e-01-1.620501279830e-07
     9.890845558680e-01 1.584375000000e+02 4.582932152830e-01-7.504598720230e-09
    -2.096515877570e-10 1.000000000000e+00 1.969000000000e+03 0.000000000000e+00
     2.000000000000e+00 0.000000000000e+00-1.071020960810e-08 1.570000000000e+02
     0.000000000000e+00 0.000000000000e+00
G27 2017 10 04 12 00 00 3.330982290210e-04 4.547473508860e-12 0.000000000000e+00
     1.510000000000e+02 8.525000000000e+01 4.202318049100e-09-3.093603581430e+00
     4.487112164500e-06 4.954157513570e-03 1.004524528980e-05 5.153673067090e+03
     3.024000000000e+05-1.005828380590e-07 4.536080036230e-01-8.009374141690e-08
     9.760674830030e-01 1.939062500000e+02 3.905972985170e-01-7.795324386000e-09
     5.260933355620e-10 1.000000000000e+00 1.969000000000e+03 0.000000000000e+00
     2.800000000000e+00 0.000000000000e+00 1.396983861920e-09 1.510000000000e+02
     0.000000000000e+00 0.000000000000e+00
G01 2017 10 04 13 59 12-3.315508365630e-06-1.364242052660e-12 0.000000000000e+00
     1.000000000000e+01-1.046875000000e+01 5.017351867310e-09 3.117336743770e+00
    -5.569308996200e-07 7.058034185320e-03 2.555549144750e-06 5.153672786710e+03
     3.095520000000e+05-1.527369022370e-07 1.510734052620e+00 1.154839992520e-07
     9.682715720780e-01 3.353125000000e+02 6.298158060130e-01-8.537141660270e-09
    -7.286017622570e-11 1.000000000000e+00 1.968000000000e+03 0.000000000000e+00
     2.000000000000e+00 0.000000000000e+00 5.587935447690e-09 1.000000000000e+01
     0.000000000000e+00 0.000000000000e+00
G01 2017 10 04 13 59 28-3.315508365630e-06-1.364242052660e-12 0.000000000000e+00
     5.400000000000e+01-1.046875000000e+01 5.017351867310e-09 3.119670487250e+00
    -5.569308996200e-07 7.058034185320e-03 2.555549144750e-06 5.153672786710e+03
     3.095680000000e+05-1.527369022370e-07 1.510733915100e+00 1.154839992520e-07
     9.682715706150e-01 3.353125000000e+02 6.298158060130e-01-8.537141660270e-09
    -7.286017622570e-11 1.000000000000e+00 1.969000000000e+03 0.000000000000e+00
     2.000000000000e+00 0.000000000000e+00 5.587935447690e-09 5.400000000000e+01
     3.026100000000e+05 0.000000000000e+00
G27 2017 10 04 13 59 44 3.331317566340e-04 4.547473508860e-12 0.000000000000e+00
     5.300000000000e+01 8.690625000000e+01 4.188388748920e-09-2.045677394140e+00
     4.341825842860e-06 4.954188247210e-03 1.037120819090e-05 5.153673252110e+03
     3.095840000000e+05 4.284083843230e-08 4.535512936030e-01-1.545995473860e-07
     9.760712061290e-01 1.883437500000e+02 3.905169887030e-01-7.877828143160e-09
     6.100254100070e-10 1.000000000000e+00 1.969000000000e+03 0.000000000000e+00
     2.000000000000e+00 0.000000000000e+00 1.396983861920e-09 5.300000000000e+01
     3.024000000000e+05 4.000000000000e+00
G04 2017 10 04 14 00 00 3.940053284170e-05 8.071765478230e-12 0.000000000000e+00
     1.500000000000e+02 8.237500000000e+01 4.511616413790e-09 2.922746743120e+00
     3.999099135400e-06 1.238291000480e-02 1.116096973420e-05 5.153669139860e+03
     3.096000000000e+05 1.285225152970e-07 3.636314729280e-01-2.123415470120e-07
     9.573655529070e-01 1.620000000000e+02 4.426208846620e-01-7.978189664470e-09
     6.689564457930e-10 1.000000000000e+00 1.969000000000e+03 0.000000000000e+00
     2.800000000000e+00 0.000000000000e+00-5.587935447690e-09 1.500000000000e+02
     3.072300000000e+05 0.000000000000e+00
G08 2017 10 04 14 00 00-7.580406963820e-05-1.364242052660e-12 0.000000000000e+00
     1.600000000000e+02 8.018750000000e+01 4.407683551480e-09-1.548138239970e+00
     4.168599843980e-06 2.667273394760e-03 1.036375761030e-05 5.153697570800e+03
     3.096000000000e+05-9.313225746150e-08 4.469478276850e-01-5.401670932770e-08
     9.679268939490e-01 1.871250000000e+02-6.282994358330e-01-7.977117633120e-09
     5.482371223660e-10 1.000000000000e+00 1.968000000000e+03 0.000000000000e+00
     2.800000000000e+00 0.000000000000e+00 5.587935447690e-09 1.600000000000e+02
     0.000000000000e+00 0.000000000000e+00
G10 2017 10 04 14 00 00 8.079409599300e-05 9.094947017730e-12 0.000000000000e+00
     5.800000000000e+01-8.693750000000e+01 4.405540651310e-09-5.396507298390e-01
    -4.718080163000e-06 2.816234482450e-03 1.182593405250e-05 5.153677192690e+03
     3.096000000000e+05 6.332993507380e-08 2.550048841390e+00 2.421438694000e-08
     9.606033095320e-01 1.512812500000e+02-2.866954705020e+00-8.039620596750e-09
    -5.882387882210e-10 1.000000000000e+00 1.969000000000e+03 0.000000000000e+00
     2.000000000000e+00 0.000000000000e+00 1.862645149230e-09 5.800000000000e+01
     3.024000000000e+05 4.000000000000e+00
G11 2017 10 04 14 00 00-7.194159552460e-04-2.273736754430e-12 0.000000000000e+00
     5.200000000000e+01 5.771875000000e+01 6.560273213550e-09 1.146459739840e+00
     2.678483724590e-06 1.706528954670e-02 3.216788172720e-06 5.153724300380e+03
     3.096000000000e+05-2.011656761170e-07 1.099302499480e+00-3.520399332050e-07
     9.021410025250e-01 2.864375000000e+02 1.702977565700e+00-9.366461384270e-09
     3.585863550540e-10 1.000000000000e+00 1.968000000000e+03 0.000000000000e+00
     2.000000000000e+00 0.000000000000e+00-1.210719347000e-08 5.200000000000e+01
     0.000000000000e+00 0.000000000000e+00
G16 2017 10 04 14 00 00 3.697955980900e-05-1.136868377220e-13 0.000000000000e+00
     1.580000000000e+02-5.718750000000e+01 3.610150377250e-09-2.314703663160e+00
    -3.136694431300e-06 9.312508860600e-03 1.228787004950e-05 5.153776533130e+03
     3.096000000000e+05 9.685754776000e-08-5.096325068680e-01-1.974403858190e-07
     9.890830198040e-01 1.515000000000e+02 4.581907861480e-01-7.541742715290e-09
    -2.496532562030e-10 1.000000000000e+00 1.969000000000e+03 0.000000000000e+00
     2.000000000000e+00 0.000000000000e+00-1.071020960810e-08 1.580000000000e+02
     3.024000000000e+05 4.000000000000e+00
G01 2017 10 04 15 59 12-3.325287252670e-06-1.364242052660e-12 0.000000000000e+00
     1.540000000000e+02-8.750000000000e+00 4.947706091820e-09-2.115632531890e+00
    -5.178153514860e-07 7.058123126630e-03 2.590939402580e-06 5.153672355650e+03
     3.167520000000e+05-8.381903171540e-08 1.510672883620e+00-5.401670932770e-08
     9.682719026970e-01 3.345000000000e+02 6.297849633120e-01-8.390706649470e-09
    -2.357241045690e-11 1.000000000000e+00 1.969000000000e+03 0.000000000000e+00
     2.000000000000e+00 0.000000000000e+00 5.587935447690e-09 1.540000000000e+02
     3.096000000000e+05 4.000000000000e+00
G08 2017 10 04 15 59 44-7.581384852530e-05-1.364242052660e-12 0.000000000000e+00
     3.000000000000e+00 8.687500000000e+01 4.304465012530e-09-4.997087986190e-01
     4.306435585020e-06 2.667844993990e-03 1.065805554390e-05 5.153700796130e+03
     3.167840000000e+05 5.587935447690e-09 4.468899648870e-01-6.146728992460e-08
     9.679310062120e-01 1.768125000000e+02-6.288980882440e-01-8.019976921370e-09
     6.071681481330e-10 1.000000000000e+00 1.969000000000e+03 0.000000000000e+00
     2.000000000000e+00 0.000000000000e+00 5.587935447690e-09 3.000000000000e+00
     3.127800000000e+05 4.000000000000e+00
G10 2017 10 04 15 59 44 8.085928857330e-05 9.094947017730e-12 0.000000000000e+00
     1.460000000000e+02-7.562500000000e+01 4.464114411460e-09 5.079653597820e-01
    -3.892928361890e-06 2.817635540850e-03 1.158751547340e-05 5.153680046080e+03
     3.167840000000e+05 4.842877388000e-08 2.549990666990e+00-3.352761268620e-08
     9.605989749060e-01 1.530312500000e+02-2.866726754590e+00-8.094979797590e-09
    -5.660950042060e-10 1.000000000000e+00 1.969000000000e+03 0.000000000000e+00
     2.000000000000e+00 0.000000000000e+00 1.862645149230e-09 1.460000000000e+02
     3.131700000000e+05 0.000000000000e+00
G04 2017 10 04 16 00 00 3.945827484130e-05 8.071765478230e-12 0.000000000000e+00
     1.510000000000e+02 8.546875000000e+01 4.527688446390e-09-2.310306707380e+00
     4.408881068230e-06 1.238296297380e-02 1.085922122000e-05 5.153667926790e+03
     3.168000000000e+05 3.259629011150e-07 3.635744352150e-01-7.636845111850e-08
     9.573699723820e-01 1.656250000000e+02 4.426727553480e-01-8.088908209910e-09
     5.771669253640e-10 1.000000000000e+00 1.969000000000e+03 0.000000000000e+00
     2.800000000000e+00 0.000000000000e+00-5.587935447690e-09 1.510000000000e+02
     3.099000000000e+05 0.000000000000e+00
G08 2017 10 04 16 00 00-7.581384852530e-05-1.364242052660e-12 0.000000000000e+00
     1.610000000000e+02 8.687500000000e+01 4.304465012530e-09-4.973697462170e-01
     4.306435585020e-06 2.667844528330e-03 1.065805554390e-05 5.153700794220e+03
     3.168000000000e+05 5.587935447690e-09 4.468898317610e-01-6.146728992460e-08
     9.679310135260e-01 1.767812500000e+02-6.289034352100e-01-8.019976921370e-09
     6.075253058680e-10 1.000000000000e+00 1.969000000000e+03 0.000000000000e+00
     2.900000000000e+00 0.000000000000e+00 5.587935447690e-09 1.610000000000e+02
     3.096000000000e+05 4.000000000000e+00
G10 2017 10 04 16 00 00 8.085928857330e-05 9.094947017730e-12 0.000000000000e+00
     5.900000000000e+01-7.562500000000e+01 4.464114411460e-09 5.102983527780e-01
    -3.892928361890e-06 2.817627741020e-03 1.158751547340e-05 5.153680057530e+03
     3.168000000000e+05 4.842877388000e-08 2.549990547030e+00-3.352761268620e-08
     9.605989339440e-01 1.530312500000e+02-2.866726058240e+00-8.094979797590e-09
    -5.664521629530e-10 1.000000000000e+00 1.969000000000e+03 0.000000000000e+00
     2.000000000000e+00 0.000000000000e+00 1.862645149230e-09 5.900000000000e+01
     3.096000000000e+05 0.000000000000e+00
G11 2017 10 04 16 00 00-7.194322533910e-04-2.273736754430e-12 0.000000000000e+00
     5.300000000000e+01 6.984375000000e+01 6.284904648650e-09 2.196502438970e+00
     3.367662429810e-06 1.706470781940e-02 2.425163984300e-06 5.153728252410e+03
     3.168000000000e+05 1.750886440280e-07 1.099237480090e+00-1.192092895510e-07
     9.021452508390e-01 2.968750000000e+02 1.703097298230e+00-8.920728727020e-09
     2.939408152430e-10 1.000000000000e+00 1.969000000000e+03 0.000000000000e+00
     2.900000000000e+00 0.000000000000e+00-1.210719347000e-08 5.300000000000e+01
     3.096000000000e+05 4.000000000000e+00
G16 2017 10 04 16 00 00 3.697909414770e-05-1.136868377220e-13 0.000000000000e+00
     1.590000000000e+02-5.671875000000e+01 3.637651522790e-09-1.264599223027e+00
    -2.803280949590e-06 9.312425390820e-03 1.252442598340e-05 5.153776344300e+03
     3.168000000000e+05 1.210719347000e-07-5.096868835330e-01 5.960464477540e-08
     9.890799315840e-01 1.507187500000e+02 4.581975755510e-01-7.754251567130e-09
    -3.557291032590e-10 1.000000000000e+00 1.969000000000e+03 0.000000000000e+00
     2.000000000000e+00 0.000000000000e+00-1.071020960810e-08 1.590000000000e+02
     3.096000000000e+05 4.000000000000e+00
G27 2017 10 04 16 00 00 3.331648185850e-04 4.547473508860e-12 0.000000000000e+00
     5.700000000000e+01 8.943750000000e+01 4.151601502300e-09-9.931047581300e-01
     4.535540938380e-06 4.953875788490e-03 1.041963696480e-05 5.153673931120e+03
     3.168000000000e+05 1.117587089540e-07 4.534943085550e-01-8.568167686460e-08
     9.760757865260e-01 1.847187500000e+02 3.904562717510e-01-7.899257607210e-09
     6.328835049960e-10 1.000000000000e+00 1.969000000000e+03 0.000000000000e+00
     2.000000000000e+00 0.000000000000e+00 1.396983861920e-09 5.700000000000e+01
     3.096000000000e+05 4.000000000000e+00
G04 2017 10 04 17 59 44 3.951834514740e-05 8.071765478230e-12 0.000000000000e+00
     0.000000000000e+00 8.221875000000e+01 4.525545715950e-09-1.262398138012e+00
     4.384666681290e-06 1.238398230630e-02 1.069717109200e-05 5.153670295720e+03
     3.239840000000e+05 1.955777406690e-07 3.635157473300e-01 1.396983861920e-07
     9.573730562130e-01 1.740625000000e+02 4.426139123950e-01-8.276773044710e-09
     5.228789068390e-10 1.000000000000e+00 1.969000000000e+03 0.000000000000e+00
     2.000000000000e+00 0.000000000000e+00-5.587935447690e-09 0.000000000000e+00
     3.185100000000e+05 0.000000000000e+00
G08 2017 10 04 17 59 44-7.582362741230e-05-1.364242052660e-12 0.000000000000e+00
     4.000000000000e+00 8.703125000000e+01 4.267677765910e-09 5.504550550010e-01
     4.526227712630e-06 2.667847205890e-03 1.061335206030e-05 5.153700815200e+03
     3.239840000000e+05 5.029141902920e-08 4.468323010450e-01-2.980232238770e-08
     9.679351740650e-01 1.767812500000e+02-6.288994063330e-01-8.051763959720e-09
     5.778812139290e-10 1.000000000000e+00 1.969000000000e+03 0.000000000000e+00
     2.000000000000e+00 0.000000000000e+00 5.587935447690e-09 4.000000000000e+00
     3.168000000000e+05 4.000000000000e+00
G10 2017 10 04 17 59 44 8.092494681480e-05 9.094947017730e-12 0.000000000000e+00
     1.470000000000e+02-7.012500000000e+01 4.558046828860e-09 1.558884972970e+00
    -3.598630428310e-06 2.817430067810e-03 1.101754605770e-05 5.153676124570e+03
     3.239840000000e+05-1.117587089540e-08 2.549931642640e+00 1.396983861920e-07
     9.605954068490e-01 1.675625000000e+02-2.867468110260e+00-8.077836177730e-09
    -4.185888580200e-10 1.000000000000e+00 1.969000000000e+03 0.000000000000e+00
     2.000000000000e+00 0.000000000000e+00 1.862645149230e-09 1.470000000000e+02
     3.168000000000e+05 0.000000000000e+00
G16 2017 10 04 17 59 44 3.697862848640e-05 0.000000000000e+00 0.000000000000e+00
     0.000000000000e+00-5.165625000000e+01 3.545861985100e-09-2.168170600200e-01
    -2.564862370490e-06 9.313357877540e-03 1.236610114570e-05 5.153778095250e+03
     3.239840000000e+05-1.862645149230e-09-5.097418439020e-01 1.769512891770e-07
     9.890775206940e-01 1.554687500000e+02 4.581923178240e-01-7.657461821160e-09
    -4.371610666560e-10 1.000000000000e+00 1.969000000000e+03 0.000000000000e+00
     2.000000000000e+00 0.000000000000e+00-1.071020960810e-08 0.000000000000e+00
     3.202500000000e+05 4.000000000000e+00
G01 2017 10 04 18 00 00-3.335066139700e-06-1.364242052660e-12 0.000000000000e+00
     1.550000000000e+02-1.387500000000e+01 4.991993650860e-09-1.058463603300e+00
    -8.773058652880e-07 7.058818824590e-03 2.562999725340e-06 5.153671037670e+03
     3.240000000000e+05 4.656612873080e-08 1.510611245030e+00-1.154839992520e-07
     9.682717139810e-01 3.347187500000e+02 6.298029528150e-01-8.475353032470e-09
     6.250260348430e-11 1.000000000000e+00 1.969000000000e+03 0.000000000000e+00
     2.000000000000e+00 0.000000000000e+00 5.587935447690e-09 1.550000000000e+02
     3.168000000000e+05 4.000000000000e+00
G04 2017 10 04 18 00 00 3.951601684090e-05 8.071765478230e-12 0.000000000000e+00
     1.520000000000e+02 8.221875000000e+01 4.525902763680e-09-1.260064385761e+00
     4.384666681290e-06 1.238397683480e-02 1.069717109200e-05 5.153670297620e+03
     3.240000000000e+05 1.955777406690e-07 3.635156317600e-01 1.396983861920e-07
     9.573730810830e-01 1.740625000000e+02 4.426138992280e-01-8.276773044710e-09
     5.228789068390e-10 1.000000000000e+00 1.969000000000e+03 0.000000000000e+00
     2.800000000000e+00 0.000000000000e+00-5.587935447690e-09 1.520000000000e+02
     3.168000000000e+05 0.000000000000e+00
G11 2017 10 04 18 00 00-7.194480858740e-04-2.273736754430e-12 0.000000000000e+00
     5.600000000000e+01 7.375000000000e+01 6.319906106600e-09-3.036539681230e+00
     3.632158041000e-06 1.706482551530e-02 2.328306436540e-06 5.153728288650e+03
     3.240000000000e+05 2.589076757430e-07 1.099172273440e+00 8.195638656620e-08
     9.021477129310e-01 2.994687500000e+02 1.703114667460e+00-8.951801449890e-09
     4.518045337580e-10 1.000000000000e+00 1.969000000000e+03 0.000000000000e+00
     2.900000000000e+00 0.000000000000e+00-1.210719347000e-08 5.600000000000e+01
     3.168000000000e+05 4.000000000000e+00
G16 2017 10 04 18 00 00 3.697862848640e-05-1.136868377220e-13 0.000000000000e+00
     1.600000000000e+02-5.165625000000e+01 3.545504827370e-09-2.144835462260e-01
    -2.564862370490e-06 9.313354617920e-03 1.236610114570e-05 5.153778095250e+03
     3.240000000000e+05-1.862645149230e-09-5.097419755650e-01 1.769512891770e-07
     9.890775016770e-01 1.554687500000e+02 4.581923631740e-01-7.657104663430e-09
    -4.371610666560e-10 1.000000000000e+00 1.969000000000e+03 0.000000000000e+00
     2.900000000000e+00 0.000000000000e+00-1.071020960810e-08 1.600000000000e+02
     3.168000000000e+05 4.000000000000e+00
G27 2017 10 04 18 00 00 3.331978805360e-04 4.547473508860e-12 0.000000000000e+00
     5.800000000000e+01 8.678125000000e+01 4.113742679830e-09 5.718660635700e-02
     4.572793841360e-06 4.954770789480e-03 1.020915806290e-05 5.153675910950e+03
     3.240000000000e+05 1.192092895510e-07 4.534373074150e-01 4.284083843230e-08
     9.760797510340e-01 1.921250000000e+02 3.903423601720e-01-7.993190109800e-09
     5.871673147700e-10 1.000000000000e+00 1.969000000000e+03 0.000000000000e+00
     2.000000000000e+00 0.000000000000e+00 1.396983861920e-09 5.800000000000e+01
     3.168000000000e+05 0.000000000000e+00
G04 2017 10 04 19 59 44 3.957655280830e-05 8.071765478230e-12 0.000000000000e+00
     1.000000000000e+00 7.778125000000e+01 4.409469386380e-09-2.122102340200e-01
     4.064291715620e-06 1.238348206970e-02 1.069903373720e-05 5.153669435500e+03
     3.311840000000e+05-1.247972249990e-07 3.634581346900e-01 1.844018697740e-07
     9.573765803830e-01 1.725312500000e+02 4.426084015820e-01-8.099623096100e-09
     3.010839699270e-10 1.000000000000e+00 1.969000000000e+03 0.000000000000e+00
     2.000000000000e+00 0.000000000000e+00-5.587935447690e-09 1.000000000000e+00
     3.300900000000e+05 4.000000000000e+00
G11 2017 10 04 19 59 44-7.194606587290e-04-2.160049916710e-12 0.000000000000e+00
     1.000000000000e+00 6.759375000000e+01 6.192043637760e-09-1.988683256110e+00
     3.926455974580e-06 1.706421806010e-02 2.341344952580e-06 5.153729753490e+03
     3.311840000000e+05 1.993030309680e-07 1.099108067430e+00 2.570450305940e-07
     9.021508611300e-01 2.999375000000e+02 1.703083960810e+00-9.021804365790e-09
     4.507330605560e-10 1.000000000000e+00 1.969000000000e+03 0.000000000000e+00
     2.000000000000e+00 0.000000000000e+00-1.210719347000e-08 1.000000000000e+00
     3.246000000000e+05 4.000000000000e+00
G16 2017 10 04 19 59 44 3.697862848640e-05 0.000000000000e+00 0.000000000000e+00
     3.000000000000e+00-5.206250000000e+01 3.633008472240e-09 8.334409148200e-01
    -2.633780241010e-06 9.312649839560e-03 1.202151179310e-05 5.153775194170e+03
     3.311840000000e+05-9.499490261080e-08-5.097966214070e-01 8.568167686460e-08
     9.890740491900e-01 1.666250000000e+02 4.580456602860e-01-7.630317833360e-09
    -4.928776731910e-10 1.000000000000e+00 1.969000000000e+03 0.000000000000e+00
     2.000000000000e+00 0.000000000000e+00-1.071020960810e-08 3.000000000000e+00
     3.240000000000e+05 4.000000000000e+00
G01 2017 10 04 20 00 00-3.344845026730e-06-1.364242052660e-12 0.000000000000e+00
     1.560000000000e+02-1.518750000000e+01 4.930919678310e-09-8.232745110000e-03
    -7.785856723790e-07 7.058704039080e-03 2.468004822730e-06 5.153671670910e+03
     3.312000000000e+05 1.061707735060e-07 1.510550210630e+00-5.960464477540e-08
     9.682722260020e-01 3.325625000000e+02 6.297575979660e-01-8.499282600660e-09
     6.285976121850e-11 1.000000000000e+00 1.969000000000e+03 0.000000000000e+00
     2.000000000000e+00 0.000000000000e+00 5.587935447690e-09 1.560000000000e+02
     3.245400000000e+05 4.000000000000e+00
G08 2017 10 04 20 00 00-7.583340629940e-05-1.364242052660e-12 0.000000000000e+00
     5.000000000000e+00 8.718750000000e+01 4.168030758070e-09 1.602747673860e+00
     4.539266228680e-06 2.668573521080e-03 1.031532883640e-05 5.153702497480e+03
     3.312000000000e+05 1.229345798490e-07 4.467747454590e-01 5.960464477540e-08
     9.679397617760e-01 1.836250000000e+02-6.286969999140e-01-7.941045062120e-09
     5.525230148010e-10 1.000000000000e+00 1.969000000000e+03 0.000000000000e+00
     2.000000000000e+00 0.000000000000e+00 5.587935447690e-09 5.000000000000e+00
     3.240000000000e+05 4.000000000000e+00
G10 2017 10 04 20 00 00 8.099060505630e-05 9.094947017730e-12 0.000000000000e+00
     1.480000000000e+02-7.093750000000e+01 4.454471260890e-09 2.611344172850e+00
    -3.589317202570e-06 2.816878957670e-03 1.079775393010e-05 5.153677059170e+03
     3.312000000000e+05-6.332993507380e-08 2.549873386310e+00-1.490116119380e-08
     9.605931802870e-01 1.730625000000e+02-2.867413934020e+00-7.954974213750e-09
    -3.471573176390e-10 1.000000000000e+00 1.969000000000e+03 0.000000000000e+00
     2.000000000000e+00 0.000000000000e+00 1.862645149230e-09 1.480000000000e+02
     3.288300000000e+05 4.000000000000e+00
G11 2017 10 04 20 00 00-7.194639183580e-04-2.273736754430e-12 0.000000000000e+00
     5.700000000000e+01 6.759375000000e+01 6.192043637760e-09-1.986349603340e+00
     3.926455974580e-06 1.706421608110e-02 2.341344952580e-06 5.153729736330e+03
     3.312000000000e+05 1.993030309680e-07 1.099107925530e+00 2.570450305940e-07
     9.021508713710e-01 2.999375000000e+02 1.703084130510e+00-9.021804365790e-09
     4.507330605560e-10 1.000000000000e+00 1.969000000000e+03 0.000000000000e+00
     2.900000000000e+00 0.000000000000e+00-1.210719347000e-08 5.700000000000e+01
     3.240000000000e+05 4.000000000000e+00
G27 2017 10 04 20 00 00 3.332304768260e-04 4.547473508860e-12 0.000000000000e+00
     5.900000000000e+01 8.190625000000e+01 4.042311235630e-09 1.107435105879e+00
     4.213303327560e-06 4.954221309160e-03 1.011602580550e-05 5.153674713140e+03
     3.312000000000e+05-3.352761268620e-08 4.533807451510e-01 1.471489667890e-07
     9.760840637160e-01 1.938750000000e+02 3.902700890930e-01-7.879971089570e-09
     4.832344143670e-10 1.000000000000e+00 1.969000000000e+03 0.000000000000e+00
     2.000000000000e+00 0.000000000000e+00 1.396983861920e-09 5.900000000000e+01
     3.292500000000e+05 4.000000000000e+00
G02 2017 10 04 21 59 44 3.143609501420e-04-9.322320693170e-12 0.000000000000e+00
     0.000000000000e+00 6.375000000000e+00 5.478799636190e-09 8.443385739760e-02
     2.440065145490e-07 1.711739157330e-02 2.715736627580e-06 5.153586061480e+03
     3.383840000000e+05-2.644956111910e-07 1.454310883710e+00 2.104789018630e-07
     9.472632755580e-01 3.234687500000e+02-1.950958529710e+00-9.063591654980e-09
     8.964658876340e-11 1.000000000000e+00 1.969000000000e+03 0.000000000000e+00
     2.000000000000e+00 0.000000000000e+00-2.048909664150e-08 0.000000000000e+00
     3.372000000000e+05 0.000000000000e+00
G06 2017 10 04 21 59 44 4.022927023470e-04 2.614797267600e-12 0.000000000000e+00
     2.000000000000e+00-6.468750000000e+00 4.898775607390e-09-1.157290500650e-01
    -5.308538675310e-07 5.575250834230e-04 2.507120370860e-06 5.153751417160e+03
     3.383840000000e+05-4.097819328310e-08 1.502127989360e+00-9.313225746160e-09
     9.680256496970e-01 3.317812500000e+02-1.173900466670e+00-8.536426676640e-09
     4.071598266880e-11 1.000000000000e+00 1.969000000000e+03 0.000000000000e+00
     2.000000000000e+00 0.000000000000e+00 4.656612873080e-09 2.000000000000e+00
     3.312300000000e+05 0.000000000000e+00
G09 2017 10 04 21 59 44 4.530274309220e-04 5.684341886080e-12 0.000000000000e+00
     0.000000000000e+00 9.000000000000e+01 4.639836124940e-09 2.055088683100e+00
     4.587695002560e-06 8.557501714680e-04 1.064501702780e-05 5.153770484920e+03
     3.383840000000e+05-1.862645149230e-09-2.694936370850e+00-3.725290298460e-09
     9.535936731870e-01 1.680312500000e+02 1.840742092900e+00-8.139267604600e-09
     4.657336853920e-10 1.000000000000e+00 1.969000000000e+03 0.000000000000e+00
     2.000000000000e+00 0.000000000000e+00 9.313225746160e-10 0.000000000000e+00
     3.374400000000e+05 4.000000000000e+00
G11 2017 10 04 21 59 44-7.194764912130e-04-2.160049916710e-12 0.000000000000e+00
     2.000000000000e+00 5.946875000000e+01 6.388123233830e-09-9.386571596380e-01
     3.322958946230e-06 1.706390304020e-02 3.587454557420e-06 5.153725368500e+03
     3.383840000000e+05-2.067536115650e-07 1.099040986780e+00 1.247972249990e-07
     9.021524323040e-01 2.855625000000e+02 1.703218786260e+00-9.446107754020e-09
     4.939491463930e-10 1.000000000000e+00 1.969000000000e+03 0.000000000000e+00
     2.000000000000e+00 0.000000000000e+00-1.210719347000e-08 2.000000000000e+00
     3.333600000000e+05 4.000000000000e+00
G13 2017 10 04 21 59 44-9.234668686990e-05-5.684341886080e-13 0.000000000000e+00
     1.000000000000e+00 8.528125000000e+01 4.483758253570e-09 2.948226207510e-01
     4.533678293230e-06 3.523531719110e-03 9.814277291300e-06 5.153663347240e+03
     3.383840000000e+05 2.607703208920e-08-2.566785804790e+00 4.656612873080e-08
     9.694398057910e-01 1.937500000000e+02 1.729821025510e+00-8.159625863870e-09
     5.721667029060e-10 1.000000000000e+00 1.969000000000e+03 0.000000000000e+00
     2.000000000000e+00 0.000000000000e+00-1.117587089540e-08 1.000000000000e+00
     3.312300000000e+05 0.000000000000e+00
G01 2017 10 04 22 00 00-3.354623913770e-06-1.364242052660e-12 0.000000000000e+00
     1.570000000000e+02-1.346875000000e+01 4.925562180350e-09 1.041923690055e+00
    -5.587935447690e-07 7.058632094410e-03 2.721324563030e-06 5.153671295170e+03
     3.384000000000e+05 6.705522537230e-08 1.510488832440e+00 4.097819328310e-08
     9.682721616340e-01 3.317500000000e+02 6.297863721020e-01-8.589286615290e-09
     3.285851105090e-11 1.000000000000e+00 1.969000000000e+03 0.000000000000e+00
     2.000000000000e+00 0.000000000000e+00 5.587935447690e-09 1.570000000000e+02
     3.312000000000e+05 0.000000000000e+00
G02 2017 10 04 22 00 00 3.143618814650e-04-9.322320693170e-12 0.000000000000e+00
     4.800000000000e+01 6.375000000000e+00 5.478799636190e-09 8.676774569920e-02
     2.440065145490e-07 1.711739168970e-02 2.715736627580e-06 5.153586059570e+03
     3.384000000000e+05-2.644956111910e-07 1.454310722790e+00 2.104789018630e-07
     9.472632784840e-01 3.234687500000e+02-1.950958537020e+00-9.063591654980e-09
     8.964658876340e-11 1.000000000000e+00 1.969000000000e+03 0.000000000000e+00
     2.000000000000e+00 0.000000000000e+00-2.048909664150e-08 4.800000000000e+01
     3.312300000000e+05 0.000000000000e+00
G03 2017 10 04 22 00 00-6.004283204670e-05 4.661160346590e-12 0.000000000000e+00
     5.800000000000e+01-6.803125000000e+01 4.559118477010e-09-1.321318974610e+00
    -3.574416041370e-06 1.022139214910e-03 1.089461147790e-05 5.153648393630e+03
     3.384000000000e+05 2.235174179080e-08 2.553435616710e+00 2.048909664150e-08
     9.604542586610e-01 1.699687500000e+02 5.018415084220e-01-8.031048811130e-09
    -3.403713206890e-10 1.000000000000e+00 1.969000000000e+03 0.000000000000e+00
     2.000000000000e+00 0.000000000000e+00 2.328306436540e-09 5.800000000000e+01
     3.312000000000e+05 4.000000000000e+00
G04 2017 10 04 22 00 00 3.963429480790e-05 8.071765478230e-12 0.000000000000e+00
     2.000000000000e+00 6.709375000000e+01 4.287321441290e-09 8.401395117900e-01
     3.471970558170e-06 1.238356775140e-02 1.117773354050e-05 5.153673286440e+03
     3.384000000000e+05-2.924352884290e-07 3.633992888100e-01 1.303851604460e-08
     9.573791726740e-01 1.624062500000e+02 4.427737376580e-01-7.985332621160e-09
     3.864446684000e-10 1.000000000000e+00 1.969000000000e+03 0.000000000000e+00
     2.000000000000e+00 0.000000000000e+00-5.587935447690e-09 2.000000000000e+00
     3.312000000000e+05 4.000000000000e+00
G05 2017 10 04 22 00 00-2.712942659860e-05 1.364242052660e-12 0.000000000000e+00
     6.700000000000e+01-9.368750000000e+01 4.821629318030e-09 2.606148933620e+00
    -4.770234227180e-06 5.223797401410e-03 1.147389411930e-05 5.153573688510e+03
     3.384000000000e+05-3.539025783540e-08 2.534842630120e+00-9.685754776000e-08
     9.473692815270e-01 1.515000000000e+02 5.998565150260e-01-8.120695227380e-09
    -4.193031755140e-10 1.000000000000e+00 1.969000000000e+03 0.000000000000e+00
     2.000000000000e+00 0.000000000000e+00-1.071020960810e-08 6.700000000000e+01
     3.312300000000e+05 0.000000000000e+00
G07 2017 10 04 22 00 00 2.975356765090e-04-5.002220859750e-12 0.000000000000e+00
     6.500000000000e+01-1.106250000000e+01 5.086640450420e-09-9.583607482800e-01
    -6.016343832020e-07 1.107617141680e-02 2.657994627950e-06 5.153710880280e+03
     3.384000000000e+05 2.309679985050e-07-1.616270629120e+00 5.587935447690e-08
     9.605669399260e-01 3.267187500000e+02-2.554032349770e+00-8.599643923970e-09
    -1.835790753770e-10 1.000000000000e+00 1.969000000000e+03 0.000000000000e+00
     2.000000000000e+00 0.000000000000e+00-1.117587089540e-08 6.500000000000e+01
     3.312000000000e+05 4.000000000000e+00
G08 2017 10 04 22 00 00-7.584365084770e-05-1.364242052660e-12 0.000000000000e+00
     5.300000000000e+01 8.203125000000e+01 4.160173287920e-09 2.653196067980e+00
     4.274770617480e-06 2.668650122360e-03 1.018680632110e-05 5.153701080320e+03
     3.384000000000e+05-2.048909664150e-08 4.467184552970e-01 2.235174179080e-08
     9.679434454040e-01 1.865312500000e+02-6.289844106510e-01-7.881756878240e-09
     4.450185368080e-10 1.000000000000e+00 1.969000000000e+03 0.000000000000e+00
     2.000000000000e+00 0.000000000000e+00 5.587935447690e-09 5.300000000000e+01
     3.312000000000e+05 4.000000000000e+00
G09 2017 10 04 22 00 00 4.530269652600e-04 5.684341886080e-12 0.000000000000e+00
     1.520000000000e+02 9.000000000000e+01 4.639836124940e-09 2.057433603270e+00
     4.585832357410e-06 8.557491237300e-04 1.064501702780e-05 5.153770488740e+03
     3.384000000000e+05-1.862645149230e-09-2.694936498120e+00-5.587935447690e-09
     9.535936907420e-01 1.680312500000e+02 1.840730755290e+00-8.139267604600e-09
     4.657336853920e-10 1.000000000000e+00 1.969000000000e+03 0.000000000000e+00
     2.900000000000e+00 0.000000000000e+00 9.313225746160e-10 1.520000000000e+02
     3.312000000000e+05 4.000000000000e+00
G10 2017 10 04 22 00 00 8.105579763650e-05 9.094947017730e-12 0.000000000000e+00
     1.490000000000e+02-8.071875000000e+01 4.460185998310e-09-2.621874926790e+00
    -4.248693585400e-06 2.818008419130e-03 1.087971031670e-05 5.153674703600e+03
     3.384000000000e+05-2.793967723850e-08 2.549815963850e+00-4.284083843230e-08
     9.605906596800e-01 1.725937500000e+02-2.867201287170e+00-7.974260363140e-09
    -3.285851035710e-10 1.000000000000e+00 1.969000000000e+03 0.000000000000e+00
     2.000000000000e+00 0.000000000000e+00 1.862645149230e-09 1.490000000000e+02
     3.372300000000e+05 0.000000000000e+00
G12 2017 10 04 22 00 00 3.704191185530e-04-1.364242052660e-12 0.000000000000e+00
     6.500000000000e+01-7.356250000000e+01 3.652652180720e-09-1.561908492350e+00
    -3.816559910770e-06 6.533264298920e-03 1.215003430840e-05 5.153715065000e+03
     3.384000000000e+05 1.937150955200e-07-5.287205888200e-01-7.264316082000e-08
     9.885987471060e-01 1.609062500000e+02 9.113672552700e-01-7.573172311480e-09
    -5.410939474260e-10 1.000000000000e+00 1.969000000000e+03 0.000000000000e+00
     2.000000000000e+00 0.000000000000e+00-1.257285475730e-08 6.500000000000e+01
     3.312300000000e+05 0.000000000000e+00
G14 2017 10 04 22 00 00-8.540274575350e-05-9.094947017730e-13 0.000000000000e+00
     1.520000000000e+02 7.775000000000e+01 4.528760069610e-09 1.564203243210e+00
     3.976747393610e-06 9.327314794060e-03 9.737908840180e-06 5.153705595020e+03
     3.384000000000e+05-2.589076757430e-07-2.607111652210e+00-1.620501279830e-07
     9.620011336090e-01 1.944687500000e+02-1.948469610130e+00-8.127481399370e-09
     4.800199947590e-10 1.000000000000e+00 1.969000000000e+03 0.000000000000e+00
     2.800000000000e+00 0.000000000000e+00-9.778887033460e-09 1.520000000000e+02
     3.382800000000e+05 4.000000000000e+00
G15 2017 10 04 22 00 00-3.563747741280e-04-3.410605131650e-13 0.000000000000e+00
     6.400000000000e+01 7.609375000000e+01 5.269148228850e-09 1.038937260820e+00
     4.278495907780e-06 9.676988003780e-03 1.158751547340e-05 5.153632331850e+03
     3.384000000000e+05 3.725290298460e-08-2.759764112370e+00 1.229345798490e-07
     9.292213511930e-01 1.383750000000e+02 6.112269536330e-01-8.543570295670e-09
     3.267993375910e-10 1.000000000000e+00 1.969000000000e+03 0.000000000000e+00
     2.000000000000e+00 0.000000000000e+00-1.071020960810e-08 6.400000000000e+01
     3.312300000000e+05 0.000000000000e+00
G16 2017 10 04 22 00 00 3.697816282510e-05 0.000000000000e+00 0.000000000000e+00
     4.000000000000e+00-6.034375000000e+01 3.576934707970e-09 1.885764718710e+00
    -3.229826688770e-06 9.311823174360e-03 1.159124076370e-05 5.153777805330e+03
     3.384000000000e+05-7.078051567080e-08-5.098516139610e-01-5.960464477540e-08
     9.890712316100e-01 1.724687500000e+02 4.581670795610e-01-7.505669784130e-09
    -4.396611707950e-10 1.000000000000e+00 1.969000000000e+03 0.000000000000e+00
     2.000000000000e+00 0.000000000000e+00-1.071020960810e-08 4.000000000000e+00
     3.312000000000e+05 4.000000000000e+00
G17 2017 10 04 22 00 00-1.529366709290e-04 2.160049916710e-12 0.000000000000e+00
     5.100000000000e+01 8.859375000000e+01 3.880518782040e-09 1.877907823680e+00
     4.511326551440e-06 1.190551789480e-02 1.054257154470e-05 5.153696182250e+03
     3.384000000000e+05 2.980232238770e-08 5.060168521700e-01-2.980232238770e-07
     9.812087418200e-01 1.830625000000e+02-1.841984525820e+00-7.768537876500e-09
     6.257403503120e-10 1.000000000000e+00 1.969000000000e+03 0.000000000000e+00
     2.900000000000e+00 0.000000000000e+00-1.117587089540e-08 5.100000000000e+01
     3.312000000000e+05 4.000000000000e+00
G18 2017 10 04 22 00 00 6.308029405770e-04 5.684341886080e-13 0.000000000000e+00
     5.900000000000e+01-9.681250000000e+01 5.162000604740e-09-2.922549278580e+00
    -5.045905709270e-06 1.813320664220e-02 9.872019290920e-06 5.153638084410e+03
     3.384000000000e+05 2.793967723850e-07 2.503023478710e+00-7.264316082000e-08
     9.262003946380e-01 1.657187500000e+02-1.780196688570e+00-8.111766369720e-09
    -3.410856319610e-10 1.000000000000e+00 1.969000000000e+03 0.000000000000e+00
     2.000000000000e+00 0.000000000000e+00-1.117587089540e-08 5.900000000000e+01
     3.312300000000e+05 0.000000000000e+00
G19 2017 10 04 22 00 00-4.828991368410e-04 1.932676241270e-12 0.000000000000e+00
     4.500000000000e+01 9.762500000000e+01 4.014095774630e-09-1.423701798160e+00
     5.288049578670e-06 9.977388079280e-03 9.559094905850e-06 5.153682827000e+03
     3.384000000000e+05 2.328306436540e-07 5.535235778050e-01 1.247972249990e-07
     9.785207337160e-01 1.996875000000e+02 1.077714312480e+00-7.881756878240e-09
     6.368122400720e-10 1.000000000000e+00 1.969000000000e+03 0.000000000000e+00
     2.000000000000e+00 0.000000000000e+00-1.536682248120e-08 4.500000000000e+01
     3.312000000000e+05 4.000000000000e+00
G20 2017 10 04 22 00 00 4.886994138360e-04 1.250555214940e-12 0.000000000000e+00
     4.900000000000e+01-1.046875000000e+02 5.327007723820e-09 8.788829296420e-01
    -5.386769771580e-06 4.590079537590e-03 9.894371032710e-06 5.153749031070e+03
     3.384000000000e+05-3.166496753690e-08 2.451869872390e+00-7.823109626770e-08
     9.275437381830e-01 1.734375000000e+02 1.681549631130e+00-8.559284836450e-09
    -4.657336738490e-10 1.000000000000e+00 1.969000000000e+03 0.000000000000e+00
     2.000000000000e+00 0.000000000000e+00-8.381903171540e-09 4.900000000000e+01
     3.312300000000e+05 0.000000000000e+00
G21 2017 10 04 22 00 00-4.739183932540e-04 3.183231456210e-12 0.000000000000e+00
     6.100000000000e+01 8.000000000000e+00 5.270576863840e-09-2.022362402530e+00
     8.065253496170e-07 2.400321152530e-02 1.206994056700e-06 5.153589181900e+03
     3.384000000000e+05 4.004687070850e-07 1.462797177860e+00 2.179294824600e-07
     9.407009088600e-01 3.367187500000e+02-1.636274148150e+00-8.424994035750e-09
     2.146517963380e-10 1.000000000000e+00 1.969000000000e+03 0.000000000000e+00
     2.000000000000e+00 0.000000000000e+00-9.778887033460e-09 6.100000000000e+01
     3.312300000000e+05 0.000000000000e+00
G22 2017 10 04 22 00 00-1.439559273420e-04-1.273292582480e-11 0.000000000000e+00
     5.900000000000e+01-8.259375000000e+01 5.438083761080e-09 1.231740691170e+00
    -4.338100552560e-06 7.216293481180e-03 1.026317477230e-05 5.153714662550e+03
     3.384000000000e+05-1.303851604460e-07 2.502640780810e+00-1.043081283570e-07
     9.242901513200e-01 1.663750000000e+02-1.672998441930e+00-8.557499597830e-09
    -3.575148788130e-10 1.000000000000e+00 1.969000000000e+03 0.000000000000e+00
     2.000000000000e+00 0.000000000000e+00-1.769512891770e-08 5.900000000000e+01
     3.312000000000e+05 0.000000000000e+00
G23 2017 10 04 22 00 00-2.178740687670e-04-2.273736754430e-13 0.000000000000e+00
     6.400000000000e+01 8.293750000000e+01 4.993065124060e-09 5.001663604280e-01
     4.490837454800e-06 1.186939235780e-02 1.018121838570e-05 5.153676633830e+03
     3.384000000000e+05-7.823109626770e-08-2.694342963000e+00 1.881271600720e-07
     9.444410417950e-01 1.746250000000e+02-2.420103874650e+00-8.448923360140e-09
     3.660866775510e-10 1.000000000000e+00 1.969000000000e+03 0.000000000000e+00
     2.000000000000e+00 0.000000000000e+00-2.048909664150e-08 6.400000000000e+01
     3.312000000000e+05 4.000000000000e+00
G24 2017 10 04 22 00 00-4.046782851220e-05-4.547473508860e-13 0.000000000000e+00
     5.300000000000e+01 4.343750000000e+00 5.597733387930e-09-2.449458244620e-02
     1.527369022370e-07 6.007330724970e-03 2.093613147740e-06 5.153666038510e+03
     3.384000000000e+05-1.862645149230e-09-1.672013525020e+00 7.823109626770e-08
     9.436340786270e-01 3.259375000000e+02 4.685126431120e-01-8.939657902830e-09
    -1.275053118640e-10 1.000000000000e+00 1.969000000000e+03 0.000000000000e+00
     2.800000000000e+00 0.000000000000e+00 2.793967723850e-09 5.300000000000e+01
     3.312300000000e+05 0.000000000000e+00
G25 2017 10 04 22 00 00-4.672477953140e-04-6.366462912410e-12 0.000000000000e+00
     1.520000000000e+02-7.915625000000e+01 3.900876954790e-09-1.993153148180e+00
    -3.986060619350e-06 6.580288638360e-03 1.135468482970e-05 5.153749208450e+03
     3.384000000000e+05 1.117587089540e-08-5.855755643270e-01-1.620501279830e-07
     9.763713515690e-01 1.698750000000e+02 8.188862775800e-01-7.664604950720e-09
    -5.021637550230e-10 1.000000000000e+00 1.969000000000e+03 0.000000000000e+00
     2.000000000000e+00 0.000000000000e+00 5.587935447690e-09 1.520000000000e+02
     3.359700000000e+05 0.000000000000e+00
G26 2017 10 04 22 00 00-4.068375565110e-04 1.159605744760e-11 0.000000000000e+00
     5.900000000000e+01-6.987500000000e+01 4.385896975930e-09-2.549018456990e+00
    -3.617256879810e-06 1.962518086660e-03 1.057796180250e-05 5.153780452730e+03
     3.384000000000e+05-3.166496753690e-08-6.033005723590e-01 3.539025783540e-08
     9.580395134140e-01 1.754062500000e+02-3.628500289030e-02-8.023905656450e-09
    -4.607334771130e-10 1.000000000000e+00 1.969000000000e+03 0.000000000000e+00
     2.000000000000e+00 0.000000000000e+00 7.450580596920e-09 5.900000000000e+01
     3.312000000000e+05 4.000000000000e+00
G27 2017 10 04 22 00 00 3.332635387780e-04 4.547473508860e-12 0.000000000000e+00
     6.000000000000e+01 7.593750000000e+01 3.971594004260e-09 2.157366993360e+00
     3.928318619730e-06 4.954260773960e-03 1.035444438460e-05 5.153676973340e+03
     3.384000000000e+05-8.381903171540e-08 4.533242414030e-01 4.656612873080e-08
     9.760872631180e-01 1.871562500000e+02 3.905142311020e-01-7.862827518330e-09
     4.378753821240e-10 1.000000000000e+00 1.969000000000e+03 0.000000000000e+00
     2.000000000000e+00 0.000000000000e+00 1.396983861920e-09 6.000000000000e+01
     3.312000000000e+05 4.000000000000e+00
G28 2017 10 04 22 00 00 6.512990221380e-04 3.183231456210e-12 0.000000000000e+00
     2.500000000000e+01-6.506250000000e+01 3.469430229980e-09 2.785159609510e+00
    -3.285706043240e-06 1.988056895790e-02 1.269020140170e-05 5.153665336610e+03
     3.384000000000e+05 2.514570951460e-07-5.054060238920e-01-6.519258022310e-08
     9.878976172840e-01 1.428437500000e+02-1.562489651190e+00-7.227801066930e-09
    -5.371652322310e-10 1.000000000000e+00 1.969000000000e+03 0.000000000000e+00
     2.000000000000e+00 0.000000000000e+00-1.117587089540e-08 2.500000000000e+01
     3.312000000000e+05 4.000000000000e+00
G29 2017 10 04 22 00 00 5.551064386960e-04-4.547473508860e-12 0.000000000000e+00
     1.470000000000e+02 7.715625000000e+01 3.891590605320e-09-3.137804440390e+00
     4.092231392860e-06 4.757577553390e-04 1.010484993460e-05 5.153558347700e+03
     3.384000000000e+05 3.725290298460e-09 5.163017602120e-01-3.725290298460e-09
     9.823740965100e-01 1.948750000000e+02 9.250396042520e-01-7.772109178460e-09
     5.557374560540e-10 1.000000000000e+00 1.969000000000e+03 0.000000000000e+00
     2.000000000000e+00 0.000000000000e+00-1.024454832080e-08 1.470000000000e+02
     3.312300000000e+05 0.000000000000e+00
G30 2017 10 04 22 00 00 1.367027871310e-04-2.273736754430e-12 0.000000000000e+00
     4.700000000000e+01-1.646875000000e+01 5.386652901510e-09-9.721486546250e-01
    -9.313225746160e-07 3.046699799600e-03 2.600252628330e-06 5.153614326480e+03
     3.384000000000e+05 5.587935447690e-09-1.579230052450e+00-4.470348358150e-08
     9.462575427850e-01 3.213125000000e+02-3.052390613670e+00-8.742507162650e-09
    -1.882221323250e-10 1.000000000000e+00 1.969000000000e+03 0.000000000000e+00
     2.000000000000e+00 0.000000000000e+00 3.725290298460e-09 4.700000000000e+01
     3.312300000000e+05 0.000000000000e+00
G31 2017 10 04 22 00 00 1.709749922160e-04-2.501110429880e-12 0.000000000000e+00
     1.520000000000e+02-1.221875000000e+01 4.969135769530e-09-1.179791399320e+00
    -6.817281246180e-07 8.552834275180e-03 2.779066562650e-06 5.153786829000e+03
     3.384000000000e+05 2.048909664150e-08-1.604755377710e+00-1.005828380590e-07
     9.652797714800e-01 3.290937500000e+02-2.360197668960e-01-8.564642328680e-09
    -3.607293283530e-11 1.000000000000e+00 1.969000000000e+03 0.000000000000e+00
     2.000000000000e+00 0.000000000000e+00-1.350417733190e-08 1.520000000000e+02
     3.312000000000e+05 0.000000000000e+00
G32 2017 10 04 22 00 00-5.090618506070e-04-4.888534022030e-12 0.000000000000e+00
     1.500000000000e+02 7.618750000000e+01 4.530545716360e-09 2.475535130970e+00
     3.993511199950e-06 1.482875202780e-03 1.036375761030e-05 5.153598695760e+03
     3.384000000000e+05-8.568167686460e-08-2.691095982670e+00-6.332993507380e-08
     9.580442137700e-01 1.785625000000e+02-2.555738578920e+00-8.036049159440e-09
     4.496615857440e-10 1.000000000000e+00 1.969000000000e+03 0.000000000000e+00
     4.000000000000e+00 0.000000000000e+00 9.313225746160e-10 1.500000000000e+02
     3.378000000000e+05 0.000000000000e+00
G02 2017 10 04 23 59 44 3.142943605780e-04-9.322320693170e-12 0.000000000000e+00
     1.000000000000e+00 4.562500000000e+00 5.424868824700e-09 1.134657566310e+00
     1.061707735060e-07 1.711777201850e-02 2.745538949970e-06 5.153586997990e+03
     3.455840000000e+05-3.427267074590e-07 1.454246085220e+00-2.607703208920e-08
     9.472633121310e-01 3.207187500000e+02-1.950941570100e+00-9.027876047270e-09
    -1.107188976010e-11 1.000000000000e+00 1.969000000000e+03 0.000000000000e+00
     2.000000000000e+00 0.000000000000e+00-2.048909664150e-08 1.000000000000e+00
     3.387000000000e+05 4.000000000000e+00
G09 2017 10 04 23 59 44 4.530688747760e-04 5.684341886080e-12 0.000000000000e+00
     1.000000000000e+00 8.303125000000e+01 4.740197448250e-09 3.106239402240e+00
     4.339963197710e-06 8.570206118750e-04 1.037120819090e-05 5.153767581940e+03
     3.455840000000e+05 2.048909664150e-08-2.694995130420e+00 1.862645149230e-08
     9.535970876380e-01 1.767500000000e+02 1.839715396510e+00-8.147125074750e-09
     4.900204113170e-10 1.000000000000e+00 1.969000000000e+03 0.000000000000e+00
     2.000000000000e+00 0.000000000000e+00 9.313225746160e-10 1.000000000000e+00
     3.384000000000e+05 4.000000000000e+00
G14 2017 10 04 23 59 44-8.540879935030e-05-9.094947017730e-13 0.000000000000e+00
     0.000000000000e+00 7.750000000000e+01 4.478043713620e-09 2.612177007520e+00
     3.997236490250e-06 9.327867999670e-03 1.006573438640e-05 5.153702873230e+03
     3.455840000000e+05 3.539025783540e-08-2.607168834750e+00-1.676380634310e-07
     9.620057666700e-01 1.835312500000e+02-1.948614889600e+00-7.867113183120e-09
     4.803771269660e-10 1.000000000000e+00 1.969000000000e+03 0.000000000000e+00
     2.000000000000e+00 0.000000000000e+00-9.778887033460e-09 0.000000000000e+00
     3.405900000000e+05 0.000000000000e+00
G17 2017 10 04 23 59 44-1.529180444780e-04 2.160049916710e-12 0.000000000000e+00
     0.000000000000e+00 8.834375000000e+01 3.759085152410e-09 2.925710079870e+00
     4.578381776810e-06 1.190556259830e-02 1.032091677190e-05 5.153696472170e+03
     3.455840000000e+05 8.754432201390e-08 5.059629041400e-01-7.450580596920e-09
     9.812138327750e-01 1.871250000000e+02-1.841959236360e+00-7.526384932710e-09
     5.246647115340e-10 1.000000000000e+00 1.969000000000e+03 0.000000000000e+00
     2.000000000000e+00 0.000000000000e+00-1.117587089540e-08 0.000000000000e+00
     3.455100000000e+05 4.000000000000e+00
G20 2017 10 04 23 59 44 4.887068644170e-04 1.136868377220e-12 0.000000000000e+00
     0.000000000000e+00-1.048125000000e+02 5.293077531830e-09 1.926843447230e+00
    -5.420297384260e-06 4.590010968970e-03 1.004338264460e-05 5.153747715000e+03
     3.455840000000e+05 1.117587089540e-07 2.451808859930e+00-6.146728992460e-08
     9.275410186180e-01 1.681250000000e+02 1.681396390460e+00-8.417136321270e-09
    -4.689481025720e-10 1.000000000000e+00 1.969000000000e+03 0.000000000000e+00
     2.000000000000e+00 0.000000000000e+00-8.381903171540e-09 0.000000000000e+00
     3.424500000000e+05 0.000000000000e+00
